0.6792016625404358
3.36871075630188
4.280926704406738
4.241318225860596
2.4948060512542725
2.4474024772644043
3.426722288131714
3.2329514026641846
2.8410227298736572
1.8622299432754517
1.3693511486053467
1.2831382751464844
1.4988759756088257
0.983491063117981
1.3192702531814575
1.0484483242034912
1.0330921411514282
0.9370052814483643
0.8945478796958923
1.3870412111282349
1.1160471439361572
0.8534838557243347
1.3643271923065186
1.0416386127471924
0.8789652585983276
0.9378917813301086
0.7886170744895935
1.0282641649246216
0.9342440366744995
1.0355463027954102
0.8805205225944519
0.9776163697242737
1.390834093093872
1.2694706916809082
1.0717788934707642
1.039683222770691
1.0678999423980713
1.1912785768508911
1.2250081300735474
0.7142574787139893
0.49102267622947693
1.2027188539505005
0.989837110042572
0.9906912446022034
1.3383814096450806
0.9685524106025696
0.7084928154945374
0.7343001961708069
0.7295541763305664
0.6060944199562073
0.7385331392288208
1.1836851835250854
0.9968592524528503
1.123861312866211
1.1103373765945435
0.9598985314369202
0.8664432764053345
0.5583505630493164
1.3945049047470093
1.300994873046875
1.6930465698242188
1.4948573112487793
0.9044657349586487
1.0339877605438232
1.9914218187332153
1.1641579866409302
1.161492943763733
1.2132371664047241
1.1921364068984985
1.170445203781128
1.287977933883667
0.9351693391799927
0.8310683965682983
0.9722355008125305
0.9570699334144592
1.0072776079177856
0.9501789212226868
1.0270183086395264
1.3341383934020996
1.4707225561141968
0.8699422478675842
1.1043965816497803
0.9439653158187866
0.9533493518829346
1.0728611946105957
1.534416913986206
1.3459584712982178
1.2901346683502197
1.3525243997573853
1.1385765075683594
0.916156530380249
1.479530930519104
1.6194632053375244
1.37593412399292
1.3257278203964233
0.9367918372154236
1.4396559000015259
1.1266474723815918
1.010663390159607
1.2152976989746094
1.3551396131515503
1.3668161630630493
1.714091420173645
0.9403197169303894
1.1850402355194092
0.9463877081871033
1.3641811609268188
0.9259854555130005
1.246106505393982
0.9496525526046753
1.0104906558990479
1.0948163270950317
1.3170791864395142
1.502234935760498
1.0970748662948608
0.8243993520736694
1.2259972095489502
0.777413547039032
1.2613255977630615
1.458106279373169
1.3881913423538208
0.7279579043388367
1.3310514688491821
1.2171008586883545
1.2886604070663452
1.6366639137268066
1.5996761322021484
1.4107820987701416
1.5278294086456299
1.0442112684249878
0.7874119877815247
1.013790488243103
1.3686388731002808
0.8823859095573425
1.535149335861206
1.1539021730422974
0.9989150762557983
1.2706693410873413
1.0911076068878174
0.6382852792739868
1.088412880897522
1.2736928462982178
1.2572101354599
1.1134015321731567
1.0519171953201294
0.6539387106895447
1.1028807163238525
0.8876010775566101
0.835913360118866
0.7258009314537048
0.9472788572311401
1.215981125831604
0.8502616882324219
0.9096424579620361
0.944904088973999
0.8097876310348511
0.9325433969497681
0.9995412230491638
0.8478288650512695
1.3093782663345337
1.1454236507415771
1.17942214012146
1.1452821493148804
0.8302088975906372
0.7507007718086243
1.15252685546875
0.7413963079452515
0.706439733505249
1.4361485242843628
1.1891192197799683
0.7568903565406799
1.0629634857177734
1.1636812686920166
0.5786325335502625
1.0361239910125732
0.7031567692756653
1.2268187999725342
1.0670745372772217
1.3343435525894165
0.972637951374054
1.3376861810684204
1.1403141021728516
1.0454425811767578
0.6274940371513367
0.9704194664955139
0.8016948699951172
0.8933688998222351
0.8449486494064331
0.8900421261787415
0.8148902058601379
0.8532292246818542
0.8268064856529236
0.8475555181503296
0.7769191861152649
0.5782703757286072
0.8827235102653503
0.9387763738632202
0.8339270353317261
0.901131808757782
0.8720632195472717
0.8114625215530396
1.0044348239898682
0.9636734127998352
0.7617352604866028
0.803663969039917
1.0083492994308472
0.7743050456047058
0.8656641840934753
0.8541937470436096
0.730269730091095
1.0791157484054565
1.065180778503418
0.9892255067825317
1.0419849157333374
0.8888842463493347
1.0381025075912476
0.8618167042732239
1.0772916078567505
1.0142954587936401
1.0176337957382202
0.8422312140464783
0.8092913031578064
0.9402211308479309
1.0245548486709595
1.0814735889434814
1.412406086921692
0.6923413872718811
0.7478346228599548
0.9216728806495667
0.8398084044456482
0.850451648235321
0.928421139717102
1.1555124521255493
1.071851372718811
0.6892786026000977
0.8525463342666626
0.8325191140174866
0.6869962215423584
0.8167787790298462
0.7506487965583801
0.7392600774765015
0.7370326519012451
0.7846003174781799
0.7973728179931641
0.841302216053009
0.9100350141525269
0.8956352472305298
0.7413149476051331
0.7123810052871704
0.7607990503311157
0.7055853009223938
0.92893385887146
0.9756431579589844
0.9203243255615234
1.0195897817611694
0.9591958522796631
1.0691922903060913
0.7901504635810852
0.7838602662086487
0.8449277877807617
1.1998730897903442
1.047649621963501
0.8489071726799011
1.2986170053482056
1.1824891567230225
0.8958278298377991
0.7919176816940308
0.7670833468437195
1.0045801401138306
1.0469448566436768
0.8454610109329224
0.9662118554115295
0.8114948272705078
0.8292813897132874
1.0221399068832397
1.1520715951919556
0.9682828187942505
0.8351932764053345
0.8576148748397827
0.803506076335907
0.7607574462890625
0.8467632532119751
0.8415051698684692
0.7937989830970764
0.9598435759544373
0.8256574273109436
0.9284425377845764
0.8419104814529419
0.7263974547386169
0.7977246046066284
0.7641156315803528
0.8646167516708374
0.910848081111908
0.8172697424888611
0.6997309327125549
1.1369211673736572
0.9627165198326111
0.801904559135437
1.0885112285614014
0.8488351106643677
0.9105095267295837
0.7637137174606323
0.7520983815193176
0.7711558938026428
0.6831333041191101
0.9031665921211243
0.8288206458091736
0.7201449275016785
0.857202410697937
0.8720204830169678
0.7694619297981262
0.9732465744018555
1.1487592458724976
0.8556804656982422
0.6929178237915039
0.7768543362617493
0.7660244107246399
0.7226011157035828
0.7040371298789978
0.8912193179130554
0.7591118216514587
0.6465137600898743
0.7394711375236511
0.8164508938789368
0.7613231539726257
0.7172463536262512
0.7663853168487549
0.8752029538154602
0.8077535629272461
0.7410866022109985
0.722785234451294
0.727869987487793
0.706081748008728
0.8436617255210876
0.6919079422950745
0.7136954069137573
0.7141082882881165
0.7411609292030334
0.7737001180648804
0.7291780114173889
0.7947696447372437
0.8497344255447388
0.759003758430481
0.7410099506378174
0.7669674158096313
0.7214450836181641
0.7604163885116577
0.804608941078186
0.9393575191497803
0.7603645324707031
0.7080504298210144
0.7542219758033752
0.7323793768882751
0.7749832272529602
0.6955711841583252
0.71453458070755
0.6933321356773376
1.0046824216842651
0.7942730188369751
0.7275545597076416
0.742212176322937
0.6981942653656006
0.7144070863723755
0.7074786424636841
0.6848397850990295
0.6866567134857178
0.8568163514137268
0.7298182249069214
0.76881343126297
0.8026570081710815
0.8557548522949219
0.7780552506446838
0.7294978499412537
0.7491270303726196
0.7508410215377808
0.7383540868759155
0.7112928032875061
0.8506707549095154
0.7824686765670776
0.8747004270553589
0.7650728225708008
0.7424975037574768
0.8218286633491516
0.7841197848320007
0.8954929113388062
0.7761526107788086
0.7290987372398376
0.7547833919525146
0.896466076374054
0.7532206177711487
0.8108680844306946
0.6730678081512451
0.7131281495094299
0.699442446231842
0.7926394939422607
0.7299014925956726
0.8468198180198669
0.8379485011100769
0.7808922529220581
0.8076278567314148
0.81361985206604
0.6796723008155823
0.6642236113548279
0.7654383182525635
0.8956727385520935
0.8086259961128235
0.719891369342804
0.7673166394233704
0.9476141333580017
0.9372112154960632
0.8758639097213745
0.7519040703773499
0.6900351047515869
0.8071067929267883
0.7881602048873901
0.7107389569282532
0.7858809232711792
0.669991672039032
0.6566276550292969
0.6917513608932495
1.2059246301651
0.7950790524482727
1.0211482048034668
0.7453315258026123
0.872972846031189
0.7558189630508423
0.7369345426559448
0.8334742188453674
0.7684792280197144
0.6996761560440063
0.7633047699928284
0.7659118175506592
0.7909401059150696
0.7877987623214722
0.7595012784004211
0.7960259318351746
0.7527070641517639
0.6830525994300842
0.7828162908554077
0.8338539600372314
0.8040726780891418
0.7706738710403442
0.8407094478607178
0.734385073184967
0.756851315498352
0.8324095606803894
0.774311900138855
0.8649301528930664
0.7817877531051636
0.954064667224884
0.8060503602027893
0.9508864879608154
0.8274060487747192
0.8119092583656311
0.7693337798118591
0.7827318906784058
0.7987973690032959
0.7496569752693176
0.6521790623664856
0.7802895903587341
0.7753982543945312
0.7666521668434143
0.6921091675758362
0.7427938580513
0.8086662292480469
0.7709007859230042
0.7479487061500549
0.7506334781646729
0.7586240172386169
0.654373824596405
0.7489673495292664
0.7413168549537659
0.7312066555023193
0.7620592713356018
0.7616533637046814
0.8359336256980896
0.7169679403305054
0.7689837217330933
0.7679188847541809
0.7594936490058899
0.7766709923744202
0.7358683347702026
0.8637661337852478
0.9000606536865234
0.7861149907112122
0.7640522718429565
0.7453956604003906
0.7667602300643921
0.726103663444519
0.7994405627250671
0.7869024872779846
0.830322265625
0.8567623496055603
0.8352921009063721
0.8509209752082825
0.8956986665725708
0.687656044960022
0.7051524519920349
0.7676208019256592
0.7034339904785156
0.7546910643577576
0.7653591632843018
0.820941686630249
0.7233073115348816
0.7650673389434814
0.7241773009300232
0.7523887157440186
0.8589752316474915
0.8086718320846558
0.799784243106842
0.8165069818496704
0.8140612244606018
0.8131912350654602
0.7448810338973999
0.7914127707481384
0.670199453830719
0.7163618206977844
0.751733660697937
0.8002414703369141
0.899630606174469
0.7234260439872742
0.8472493290901184
0.8016385436058044
0.6175168752670288
0.7800312042236328
0.931968092918396
0.7065593004226685
0.7603057026863098
0.750977635383606
0.7793916463851929
0.7527901530265808
0.7742003202438354
0.7650099396705627
0.7709797024726868
0.8044166564941406
0.7527902722358704
0.7861891388893127
0.7573994398117065
0.7988588213920593
0.77735435962677
0.7779873013496399
0.8339648842811584
0.7890084385871887
0.7752469778060913
0.7628279328346252
0.7833214402198792
0.7852557897567749
0.7447918057441711
0.768165647983551
0.7722877860069275
0.7577764391899109
0.7702358961105347
0.7591760158538818
0.732232391834259
0.7383581399917603
0.7405754327774048
0.7116166949272156
0.7522582411766052
0.7636927366256714
0.7581172585487366
0.7514421343803406
0.7616087794303894
0.758051335811615
0.7787399291992188
0.7318646907806396
0.7468172907829285
0.7835034132003784
0.7212469577789307
0.7430369257926941
0.7910311818122864
0.8142164945602417
0.8047655820846558
0.8236954808235168
0.790367841720581
0.7814344763755798
0.7155706882476807
0.7402859330177307
0.7718280553817749
0.785300076007843
0.7775738835334778
0.7273014187812805
0.7135608196258545
0.7482175230979919
0.7683194279670715
0.7444189786911011
0.7591812610626221
0.7687364816665649
0.7759451270103455
0.753498375415802
0.751667857170105
0.7172366380691528
0.7583323121070862
0.744171142578125
0.7487859725952148
0.7053859829902649
0.738762617111206
0.733840823173523
0.757244348526001
0.7642051577568054
0.7978305816650391
0.7724844217300415
0.7646148800849915
0.7883653044700623
0.7215996980667114
0.6913143396377563
0.6777592897415161
0.6918972730636597
0.7193135023117065
0.7329132556915283
0.7916252017021179
0.792765200138092
0.7209579348564148
0.7444823384284973
0.739456295967102
0.7471656799316406
0.7624419927597046
0.7469534277915955
0.748230516910553
0.7369883060455322
0.7338480353355408
0.7256749272346497
0.7400581240653992
0.7261046171188354
0.7251462340354919
0.7230464816093445
0.7030240297317505
0.7050312161445618
0.7249314785003662
0.6901137232780457
0.7060598731040955
0.7172325253486633
0.7202091217041016
0.7277567386627197
0.7243104577064514
0.7173226475715637
0.741855263710022
0.7096003293991089
0.7229607105255127
0.7180526852607727
0.6902024745941162
0.7299728393554688
0.7363921403884888
0.7321427464485168
0.6874092221260071
0.7210109829902649
0.7361868619918823
0.7202452421188354
0.7229679226875305
0.7093712091445923
0.7262154221534729
0.7289960384368896
0.699139416217804
0.7275381684303284
0.7337402105331421
0.7053999304771423
0.7287742495536804
0.7068329453468323
0.7091744542121887
0.7523784637451172
0.7335085272789001
0.7453458309173584
0.7250573635101318
0.7258379459381104
0.7426193952560425
0.6982861757278442
0.7223231196403503
0.7097480297088623
0.739331066608429
0.7261354923248291
0.729370653629303
0.7137771844863892
0.7136496305465698
0.7103835344314575
0.713219404220581
0.6998259425163269
0.7287158370018005
0.7135192155838013
0.6896179914474487
0.726188063621521
0.7308021783828735
0.7105992436408997
0.7487148642539978
0.713469922542572
0.7089843153953552
0.6913633942604065
0.7462708950042725
0.7165000438690186
0.7101514339447021
0.7157264351844788
0.7068880796432495
0.713714599609375
0.6969186067581177
0.7055984735488892
0.6949110627174377
0.7661451697349548
0.7218605279922485
0.710046112537384
0.7154752016067505
0.6858547329902649
0.7110523581504822
0.7032365202903748
0.7234072089195251
0.7140855193138123
0.7069838047027588
0.7145191431045532
0.7247083187103271
0.722983181476593
0.7110911011695862
0.7146230936050415
0.729357123374939
0.7251189947128296
0.7504161596298218
0.7104277014732361
0.6801806092262268
0.6977769136428833
0.7259036898612976
0.7499712705612183
0.7137165665626526
0.7202612161636353
0.7438672184944153
0.7123470306396484
0.7216361165046692
0.7223328948020935
0.7917042970657349
0.7269660234451294
0.7547914385795593
0.7076007127761841
0.7331143617630005
0.7319519519805908
0.7350168824195862
0.7468841671943665
0.7169690728187561
0.7093518972396851
0.7141563892364502
0.7095367312431335
0.6972262263298035
0.6999123692512512
0.6947756409645081
0.7089831233024597
0.7068412899971008
0.7004467248916626
0.7025254368782043
0.683125913143158
0.6995602250099182
0.6943274140357971
0.7128350734710693
0.6541041135787964
0.7090071439743042
0.693930447101593
0.7073356509208679
0.7172126173973083
0.713826596736908
0.7096129655838013
0.6877850890159607
0.6853029131889343
0.6969166994094849
0.7043099999427795
0.7037162780761719
0.6989657282829285
0.7096045017242432
0.6933045983314514
0.7053829431533813
0.6965847611427307
0.707633376121521
0.716436505317688
0.7139081358909607
0.6851387619972229
0.7058743834495544
0.6940564513206482
0.7031185030937195
0.6810454726219177
0.6871927976608276
0.6882118582725525
0.6859070062637329
0.6938559412956238
0.709758996963501
0.709619402885437
0.7173540592193604
0.7256695032119751
0.702165961265564
0.7282356023788452
0.7125188112258911
0.7112022042274475
0.7101582288742065
0.7109076976776123
0.6817330718040466
0.6965650916099548
0.6989885568618774
0.7145625352859497
0.6877726316452026
0.6945709586143494
0.6863325834274292
0.6999436020851135
0.7041417360305786
0.694574773311615
0.6924475431442261
0.6970353722572327
0.7086247801780701
0.6886938810348511
0.6835164427757263
0.6853827834129333
0.6981302499771118
0.6936861872673035
0.7034600377082825
0.689029335975647
0.7019670605659485
0.6832703948020935
0.7059828639030457
0.7185231447219849
0.6977900862693787
0.7069395780563354
0.7051435112953186
0.706919252872467
0.7058523893356323
0.7036057710647583
0.6995758414268494
0.7226191759109497
0.7018150091171265
0.7082213163375854
0.6963297724723816
0.697126567363739
0.683807909488678
0.7091822028160095
0.7024146914482117
0.7056969404220581
0.7013663649559021
0.697760283946991
0.6968795657157898
0.6951849460601807
0.7138583064079285
0.7290195226669312
0.7019922137260437
0.7113054990768433
0.6925270557403564
0.6953818202018738
0.6910053491592407
0.7151321768760681
0.7009185552597046
0.7023946046829224
0.700202226638794
0.694269061088562
0.7073382139205933
0.7079753279685974
0.7040567994117737
0.7097845077514648
0.6985923647880554
0.6978262662887573
0.7007400989532471
0.7014713287353516
0.7042981386184692
0.7040863037109375
0.7401830554008484
0.7327443361282349
0.70113605260849
0.702450156211853
0.7158167958259583
0.7018321752548218
0.7161424160003662
0.7177112698554993
0.7040311098098755
0.6945303678512573
0.7131558656692505
0.7142077684402466
0.701862633228302
0.7084916234016418
0.7289881110191345
0.7315784692764282
0.7193991541862488
0.7267931699752808
0.7270801067352295
0.7354113459587097
0.7236407995223999
0.7084264159202576
0.7020206451416016
0.6948550939559937
0.7082157731056213
0.6962951421737671
0.7056254744529724
0.696643054485321
0.7270944118499756
0.7122193574905396
0.7086915373802185
0.7190055847167969
0.6946118474006653
0.7389916777610779
0.7487490773200989
0.7338678240776062
0.7162715792655945
0.69944828748703
0.6840787529945374
0.7220038175582886
0.694045901298523
0.7292234897613525
0.7031624913215637
0.6781818866729736
0.6868255734443665
0.7873240113258362
0.7557569146156311
0.7326948642730713
0.719347357749939
0.7142807841300964
0.7131736874580383
0.7308302521705627
0.702415406703949
0.7147652506828308
0.7263027429580688
0.6990489959716797
0.7360188961029053
0.7177816033363342
0.7148759961128235
0.7392836809158325
0.7413706183433533
0.7303893566131592
0.6980346441268921
0.7471436858177185
0.7789970636367798
0.7472946643829346
0.7595783472061157
0.7644335031509399
0.7168301939964294
0.7095544338226318
0.7018099427223206
0.7231683731079102
0.7990695834159851
0.794319748878479
0.750954806804657
0.7252918481826782
0.7260755300521851
0.7190967798233032
0.7375993132591248
0.7323087453842163
0.7427120208740234
0.7442532777786255
0.7562084197998047
0.7522677779197693
0.7072210907936096
0.7291195392608643
0.750659167766571
0.7291916012763977
0.7141570448875427
0.6882851123809814
0.7062584161758423
0.729705274105072
0.7219644784927368
0.7077972292900085
0.6801236271858215
0.7195866703987122
0.6989344358444214
0.7108839750289917
0.6934594511985779
0.7146019339561462
0.7151629328727722
0.7227827906608582
0.7200220227241516
0.7148739099502563
0.7187775373458862
0.7185545563697815
0.7362197637557983
0.711340069770813
0.7264967560768127
0.7385475039482117
0.7097495794296265
0.7237776517868042
0.7086511850357056
0.7123377919197083
0.7100685238838196
0.7118313312530518
0.6961031556129456
0.7092273235321045
0.7089853286743164
0.7026085257530212
0.7259901165962219
0.7125940322875977
0.7040838599205017
0.6896621584892273
0.6842077970504761
0.6852763295173645
0.6834176182746887
0.6820012331008911
0.6933759450912476
0.7346855401992798
0.7221473455429077
0.7236976623535156
0.7050191164016724
0.6965813040733337
0.6985318660736084
0.6894476413726807
0.6810238361358643
0.7183546423912048
0.7147060632705688
0.6919782161712646
0.6817275285720825
0.6806060075759888
0.6936293244361877
0.6889441013336182
0.683407187461853
0.6703509092330933
0.7076835632324219
0.7136869430541992
0.69496089220047
0.6967237591743469
0.7053474187850952
0.6895167231559753
0.7177115082740784
0.7244994044303894
0.6943427324295044
0.712945818901062
0.7153946757316589
0.7040696740150452
0.70637446641922
0.7116159200668335
0.7219468355178833
0.714103639125824
0.7012071013450623
0.6830344796180725
0.7216630578041077
0.726305365562439
0.6979348063468933
0.7226006984710693
0.7426835298538208
0.7154299020767212
0.7032977938652039
0.7123333215713501
0.7282959222793579
0.7249981164932251
0.700988233089447
0.6909850239753723
0.6885528564453125
0.6747216582298279
0.6924203038215637
0.7627782225608826
0.7092300653457642
0.6912672519683838
0.7073107361793518
0.6887286305427551
0.6553621888160706
0.6771199703216553
0.6810016632080078
0.7626234889030457
0.7869886755943298
0.7652254104614258
0.7306498289108276
0.7154126763343811
0.7144089937210083
0.706302285194397
0.6788104772567749
0.6962694525718689
0.757924497127533
0.7476451992988586
0.7631331086158752
0.7184549570083618
0.7230945229530334
0.7057074904441833
0.669758677482605
0.7304715514183044
0.6996122002601624
0.7096960544586182
0.7065486907958984
0.7109435200691223
0.687874436378479
0.6914405226707458
0.6864214539527893
0.6899293065071106
0.6855834722518921
0.722564697265625
0.6968802213668823
0.7082391381263733
0.7058457136154175
0.7030321955680847
0.7102764248847961
0.6987901329994202
0.6941586136817932
0.7284204959869385
0.7090011835098267
0.7127817869186401
0.7133916020393372
0.7101426720619202
0.7141295075416565
0.7114770412445068
0.7075033187866211
0.6985141634941101
0.6941935420036316
0.6987714171409607
0.6988592743873596
0.6867021918296814
0.6866618990898132
0.6846265196800232
0.6951677203178406
0.6821348667144775
0.7043712735176086
0.7134355902671814
0.6959654092788696
0.6988467574119568
0.7240013480186462
0.6714690327644348
0.6950147747993469
0.7013275027275085
0.695570170879364
0.6942824125289917
0.7005376219749451
0.6972771883010864
0.7055362462997437
0.6957750916481018
0.698247492313385
0.68180251121521
0.7104329466819763
0.6981735825538635
0.6996669769287109
0.7152709364891052
0.718769371509552
0.6894704103469849
0.6841505169868469
0.7110922336578369
0.6892914175987244
0.7230377197265625
0.7158981561660767
0.7029389142990112
0.7187716364860535
0.7145176529884338
0.707055389881134
0.6972156763076782
0.7048000693321228
0.7044887542724609
0.698293149471283
0.749988317489624
0.7223444581031799
0.7064389586448669
0.728149950504303
0.6904829144477844
0.7259497046470642
0.7029497623443604
0.7004764676094055
0.6785396933555603
0.6686422228813171
0.7592145204544067
0.7350299954414368
0.7071177363395691
0.7247950434684753
0.7042813897132874
0.7030807733535767
0.6961962580680847
0.7129475474357605
0.7293564081192017
0.7079995274543762
0.6932994723320007
0.6944311857223511
0.7079655528068542
0.7108466029167175
0.7129310965538025
0.7114588618278503
0.6922841668128967
0.7351942658424377
0.7277623414993286
0.6962010264396667
0.7242022156715393
0.7311249375343323
0.7267465591430664
0.7048872113227844
0.7140313386917114
0.70478755235672
0.6912516951560974
0.6904313564300537
0.6908363103866577
0.7028247714042664
0.7165226340293884
0.6969807744026184
0.7111881971359253
0.7125012874603271
0.7101097106933594
0.6927594542503357
0.7105239033699036
0.7211748361587524
0.7273441553115845
0.7375805974006653
0.7011018395423889
0.7239957451820374
0.7306246161460876
0.7161029577255249
0.7329389452934265
0.7136731743812561
0.6940214037895203
0.6746012568473816
0.7244142293930054
0.7588133215904236
0.7438176870346069
0.7293612957000732
0.7236406207084656
0.7214832305908203
0.7011110782623291
0.7186136841773987
0.7143685817718506
0.7084980010986328
0.7280253767967224
0.6955572366714478
0.6791607141494751
0.7077398300170898
0.7110768556594849
0.6832574605941772
0.7265443205833435
0.7607406377792358
0.7219297885894775
0.7198860049247742
0.7083860635757446
0.7349444031715393
0.7246388792991638
0.695202112197876
0.6798151731491089
0.7117230892181396
0.7129160165786743
0.7279781103134155
0.7221415638923645
0.7216173410415649
0.7334706783294678
0.7210862636566162
0.7241330742835999
0.74112868309021
0.7043080925941467
0.745650589466095
0.726504921913147
0.7531961798667908
0.7386453151702881
0.7522878050804138
0.731493353843689
0.7348772883415222
0.7031678557395935
0.7330633997917175
0.7098053097724915
0.7080047130584717
0.7344086766242981
0.714873731136322
0.7001970410346985
0.7141883969306946
0.6990050077438354
0.7047377824783325
0.7151468396186829
0.6979624032974243
0.7037860751152039
0.7126821875572205
0.6971369385719299
0.6975827813148499
0.6977407336235046
0.7103704810142517
0.7249287366867065
0.7110021114349365
0.6861732602119446
0.7151951193809509
0.6886088848114014
0.7067194581031799
0.7300387024879456
0.7001623511314392
0.715103268623352
0.7062932252883911
0.7173678874969482
0.7072687149047852
0.7368032932281494
0.7296411991119385
0.7402998805046082
0.7333552241325378
0.7238081693649292
0.7265511155128479
0.7316475510597229
0.7028661370277405
0.6983582973480225
0.7041143774986267
0.7235692143440247
0.7086396813392639
0.7049762606620789
0.7374955415725708
0.7138871550559998
0.73130202293396
0.6990272402763367
0.6995899081230164
0.7306378483772278
0.706298291683197
0.6962417364120483
0.7422840595245361
0.7360290288925171
0.7432762384414673
0.7257273197174072
0.6976668238639832
0.6870859861373901
0.7281267642974854
0.7069140076637268
0.7021932005882263
0.7041144967079163
0.7125331163406372
0.717880129814148
0.7007108330726624
0.7050912976264954
0.7161582708358765
0.7187920808792114
0.7042286396026611
0.6985650658607483
0.716885507106781
0.7093434929847717
0.7053309679031372
0.696554958820343
0.7191375494003296
0.7152643203735352
0.7267528772354126
0.7036899328231812
0.7108561992645264
0.6829537749290466
0.6946002840995789
0.736636757850647
0.706477701663971
0.7133606672286987
0.7316166162490845
0.7356324791908264
0.7053974866867065
0.6935217976570129
0.7082839608192444
0.7043910622596741
0.7032005190849304
0.7178986072540283
0.726108193397522
0.717879593372345
0.7091543674468994
0.7268787622451782
0.710257351398468
0.7305639386177063
0.7483556270599365
0.7477613687515259
0.7178763151168823
0.6997538208961487
0.6888011693954468
0.6981422901153564
0.735671877861023
0.6883641481399536
0.7068711519241333
0.7381821870803833
0.7206676602363586
0.7063726782798767
0.6902732849121094
0.6974337100982666
0.7007080316543579
0.7001177072525024
0.6919512152671814
0.6892873644828796
0.7310447096824646
0.7227212190628052
0.6887092590332031
0.7130928039550781
0.7100626826286316
0.7229121923446655
0.7440572381019592
0.7550535798072815
0.7039334774017334
0.6980236768722534
0.723754346370697
0.7419158816337585
0.7293288111686707
0.7615143060684204
0.7509682774543762
0.7231046557426453
0.7244580388069153
0.7367507815361023
0.7476806640625
0.7030492424964905
0.7292920351028442
0.737868070602417
0.7703549861907959
0.7645609378814697
0.7093544602394104
0.7073684930801392
0.7070803046226501
0.7374351620674133
0.753600537776947
0.7249939441680908
0.722666323184967
0.725244402885437
0.7437036633491516
0.7181879878044128
0.6999768018722534
0.7144693732261658
0.7357527613639832
0.7398607730865479
0.750167965888977
0.7322937250137329
0.7272204756736755
0.7282707095146179
0.7141091823577881
0.7198452353477478
0.710739254951477
0.7153602838516235
0.7300381064414978
0.7201986908912659
0.6915251612663269
0.7390680313110352
0.7394335269927979
0.7273362278938293
0.7623016834259033
0.7228231430053711
0.7398288249969482
0.6943457722663879
0.7202619314193726
0.7386841177940369
0.7389674782752991
0.723108172416687
0.68647700548172
0.670971155166626
0.757771909236908
0.7191970944404602
0.7038672566413879
0.7036197781562805
0.7084047794342041
0.7703525424003601
0.7573001980781555
0.7156229615211487
0.7852815985679626
0.7516244053840637
0.733416736125946
0.7200717926025391
0.7383462190628052
0.7355201244354248
0.7534361481666565
0.7299033999443054
0.7085413336753845
0.6927688717842102
0.7325206995010376
0.7670983672142029
0.7339293360710144
0.7195066809654236
0.7504933476448059
0.75868159532547
0.7304762601852417
0.7218359708786011
0.7194511294364929
0.7194843292236328
0.7088194489479065
0.7315152883529663
