1.3843351602554321
0.06972578912973404
0.24867020547389984
0.031167004257440567
0.14546217024326324
1.3582249879837036
0.17141422629356384
0.1237376406788826
0.26073452830314636
0.7078574895858765
0.6284539699554443
0.6745727062225342
0.9499002695083618
0.9458706378936768
1.0622743368148804
1.080072045326233
0.9538273811340332
1.3924355506896973
1.4851830005645752
1.423673152923584
1.1888320446014404
1.085509181022644
1.743023157119751
1.1519536972045898
1.0218448638916016
1.291827917098999
1.2364399433135986
1.0970622301101685
1.364640235900879
1.3536064624786377
1.2172060012817383
1.254370093345642
1.4030003547668457
1.069375991821289
1.3449208736419678
1.2190827131271362
1.1658462285995483
1.0365641117095947
1.1490552425384521
1.154737949371338
1.066887378692627
1.7807085514068604
1.0785213708877563
1.2145532369613647
0.8564095497131348
1.2890520095825195
1.4042847156524658
1.330668568611145
1.2832670211791992
1.290284276008606
1.274855375289917
1.151307463645935
1.1728352308273315
0.8815176486968994
1.2097407579421997
1.2094758749008179
0.9509186744689941
1.344568133354187
0.9895303845405579
0.957903265953064
0.8577404022216797
0.9130962491035461
1.2063677310943604
1.2823537588119507
1.6504372358322144
1.1171889305114746
1.107822299003601
1.1990419626235962
1.0402436256408691
1.3826009035110474
1.2760862112045288
1.2611184120178223
1.3736205101013184
1.1359546184539795
1.1176087856292725
1.2748792171478271
1.2907428741455078
1.189668893814087
1.0894771814346313
1.0457513332366943
1.0143080949783325
1.2894082069396973
1.609154462814331
1.0791056156158447
1.283583402633667
1.2024354934692383
0.9711557030677795
1.0793704986572266
1.1295967102050781
1.0762779712677002
1.1376724243164062
1.0672657489776611
0.8658635020256042
1.0085409879684448
1.8009545803070068
0.9496983289718628
0.8463531732559204
1.1330993175506592
0.9924603700637817
0.8201924562454224
0.9195688962936401
1.0201077461242676
0.7427938580513
1.7297769784927368
1.0572597980499268
1.2611067295074463
1.0140587091445923
1.0707688331604004
1.2179186344146729
1.0418901443481445
1.1574008464813232
1.209285020828247
0.9958938360214233
1.1800436973571777
1.0750887393951416
1.0895678997039795
1.175492286682129
1.340612530708313
1.1135320663452148
1.0568041801452637
1.1401097774505615
1.1793217658996582
1.2116554975509644
1.2151461839675903
1.2411396503448486
1.1268634796142578
1.2088642120361328
1.1728706359863281
1.0722078084945679
1.0456432104110718
1.1318080425262451
1.0800453424453735
0.9456192255020142
0.9392741918563843
1.0517991781234741
1.0315155982971191
1.0499370098114014
0.961999237537384
1.236110806465149
0.9431600570678711
0.9451436996459961
1.133912444114685
0.938974142074585
1.0958318710327148
1.2659893035888672
1.0755634307861328
1.3419278860092163
1.8193538188934326
1.1009371280670166
1.2981138229370117
1.395310401916504
1.3436424732208252
1.1579217910766602
1.2313756942749023
1.1902707815170288
1.2209193706512451
1.358039379119873
1.0510295629501343
1.2493849992752075
1.2169806957244873
1.3102290630340576
1.0716015100479126
1.3805583715438843
1.1780316829681396
1.5548694133758545
0.8607468605041504
1.1740314960479736
1.5615729093551636
0.8266263008117676
1.1524885892868042
1.6685144901275635
1.041306972503662
1.0105695724487305
1.5069700479507446
0.9713900089263916
1.0777989625930786
1.1545414924621582
1.0041141510009766
1.1971464157104492
1.598606824874878
1.0967745780944824
1.1530622243881226
1.017425298690796
0.842658519744873
1.5828638076782227
1.4166122674942017
1.1221225261688232
1.2070578336715698
1.1408753395080566
1.2312345504760742
1.2795345783233643
1.308758020401001
1.2830045223236084
1.264355182647705
1.375063180923462
1.2009578943252563
1.1226375102996826
1.3301995992660522
1.257577657699585
1.3313345909118652
1.3354856967926025
1.0781795978546143
1.1505286693572998
1.2481993436813354
1.1547892093658447
1.1052682399749756
1.321832537651062
1.1149053573608398
1.2570675611495972
1.688545823097229
1.247148871421814
1.0488947629928589
1.1567330360412598
0.9515196681022644
1.1920925378799438
1.0142817497253418
1.3330755233764648
1.2841815948486328
0.9662712216377258
1.0007648468017578
1.2699458599090576
1.1894865036010742
1.112554907798767
1.1537474393844604
1.073366641998291
1.1016900539398193
1.4847617149353027
1.3674581050872803
1.171668291091919
1.284945011138916
1.1199228763580322
1.1583632230758667
1.1698203086853027
1.346238136291504
1.3309859037399292
1.4209181070327759
1.1286964416503906
1.3239531517028809
1.308092713356018
1.3912289142608643
1.3419935703277588
1.3717124462127686
1.248194932937622
1.1946496963500977
1.244147777557373
1.057565450668335
1.4188134670257568
1.403987169265747
1.3658162355422974
1.3714666366577148
1.1332484483718872
1.1071088314056396
1.176784634590149
1.2199245691299438
1.092926025390625
1.169830322265625
1.469826102256775
1.2482819557189941
1.1823170185089111
1.20127272605896
1.1636916399002075
1.3235138654708862
1.2370011806488037
1.0816034078598022
1.020810604095459
1.1050169467926025
1.2858483791351318
1.3750696182250977
1.1428872346878052
1.2270405292510986
1.2675981521606445
0.9643142223358154
1.3050023317337036
1.287043809890747
1.0299931764602661
1.1179472208023071
1.386913537979126
1.1926360130310059
1.2976984977722168
1.2700018882751465
1.3433681726455688
1.264556646347046
1.2936336994171143
1.3538599014282227
1.3787428140640259
1.2346858978271484
1.0612908601760864
1.2573120594024658
1.5174388885498047
1.1441876888275146
1.2509857416152954
1.2916252613067627
1.2430367469787598
1.3108000755310059
1.3343948125839233
1.238682746887207
1.2836283445358276
1.2660188674926758
1.0254125595092773
1.0319548845291138
1.4734665155410767
1.3712034225463867
1.5260062217712402
1.400256633758545
1.2669708728790283
1.2249089479446411
1.4168341159820557
1.2648770809173584
1.196791410446167
1.476841926574707
1.3589595556259155
1.2552591562271118
1.3305022716522217
1.2231396436691284
1.343383550643921
1.3487610816955566
1.269835114479065
1.320188283920288
1.2828359603881836
1.2653000354766846
1.3555757999420166
1.2937865257263184
1.3905370235443115
1.3891674280166626
1.2731549739837646
1.3496488332748413
1.3573849201202393
1.2718958854675293
1.356243371963501
1.793687343597412
1.3164077997207642
1.3910725116729736
1.3400321006774902
1.2313306331634521
1.3415367603302002
1.3691580295562744
1.3616138696670532
1.39310622215271
1.34673273563385
1.2656711339950562
1.325417399406433
1.3497536182403564
1.358935832977295
1.2881898880004883
1.414872169494629
1.20723295211792
1.3389766216278076
1.3245503902435303
1.3075895309448242
1.3362560272216797
1.431445598602295
1.266235589981079
1.3902616500854492
1.358400583267212
1.3331952095031738
1.2821860313415527
1.360331654548645
1.368703007698059
1.3583132028579712
1.3803088665008545
1.2841371297836304
1.3417043685913086
1.3286339044570923
1.3185489177703857
1.3388534784317017
1.4324753284454346
1.2715301513671875
1.3208242654800415
1.3552300930023193
1.3214943408966064
1.377847671508789
1.2934253215789795
1.3797054290771484
1.4613533020019531
1.2544629573822021
1.2893784046173096
1.2821767330169678
1.3620246648788452
1.253260612487793
1.3681849241256714
1.3006906509399414
1.3726170063018799
1.3853272199630737
1.2773082256317139
1.2691001892089844
1.3104538917541504
1.2958158254623413
1.3002009391784668
1.2995953559875488
1.3856428861618042
1.393014669418335
1.606320858001709
1.3230302333831787
1.3117640018463135
1.338291883468628
1.3243951797485352
1.3225337266921997
1.2507879734039307
1.30503249168396
1.3730820417404175
1.3477928638458252
1.2461910247802734
1.3345987796783447
1.4606735706329346
1.2583487033843994
1.3401095867156982
1.377828598022461
1.3105522394180298
1.261003851890564
1.3874597549438477
1.2461262941360474
1.377027988433838
1.401908278465271
1.2103052139282227
1.3560397624969482
1.391545057296753
1.2635486125946045
1.4157599210739136
1.458030104637146
1.253970742225647
1.3008885383605957
1.2617584466934204
1.2366032600402832
1.3373140096664429
1.2450224161148071
1.4247970581054688
1.3490116596221924
1.2802157402038574
1.3392353057861328
1.3595702648162842
1.2985607385635376
1.3301682472229004
1.3698092699050903
1.2194269895553589
1.3876855373382568
1.3462402820587158
1.3048312664031982
1.3902602195739746
1.2735950946807861
1.2918494939804077
1.3138418197631836
1.410379409790039
1.2644391059875488
1.2798752784729004
1.3231784105300903
1.2112939357757568
1.4020272493362427
1.3615150451660156
1.3283376693725586
1.322368860244751
1.406537413597107
1.2689297199249268
1.3354765176773071
1.362299919128418
1.2592228651046753
1.3911329507827759
1.309434175491333
1.2900080680847168
1.403121829032898
1.2844769954681396
1.2578179836273193
1.3469762802124023
1.3738491535186768
1.3028050661087036
1.3258224725723267
1.4365012645721436
1.2888221740722656
1.3591639995574951
1.3222808837890625
1.1823121309280396
1.3273427486419678
1.405838131904602
1.3326339721679688
1.3054566383361816
1.482408046722412
1.2782691717147827
1.3883228302001953
1.3143234252929688
1.365360140800476
1.4702966213226318
1.2846282720565796
1.2347556352615356
1.3685184717178345
1.365236520767212
1.2681468725204468
1.3686046600341797
1.2587953805923462
1.3369240760803223
1.3366862535476685
1.270462989807129
1.224170446395874
1.6606508493423462
1.2267162799835205
1.2578753232955933
1.4369287490844727
1.256009817123413
1.3973369598388672
1.3729965686798096
1.3759280443191528
1.3108181953430176
1.0940769910812378
1.2842469215393066
1.2528889179229736
1.3560242652893066
1.3545411825180054
1.360497236251831
1.3513948917388916
1.1988966464996338
1.308274269104004
1.3391791582107544
1.2898340225219727
1.3626062870025635
1.3867971897125244
1.3106458187103271
1.3492376804351807
1.4066941738128662
1.3881926536560059
1.282832145690918
1.3606535196304321
1.3099846839904785
1.2875287532806396
1.4870463609695435
1.2660765647888184
1.3235759735107422
1.319657802581787
1.2704048156738281
1.4079325199127197
1.40215265750885
1.348757028579712
1.2739031314849854
1.2929415702819824
1.2562758922576904
1.3340609073638916
1.2734830379486084
1.2485088109970093
1.248100996017456
1.1745426654815674
1.2695379257202148
1.284485101699829
1.2641775608062744
1.241363763809204
1.2961959838867188
1.2798701524734497
1.286668300628662
1.32729172706604
1.2973822355270386
1.303281545639038
1.3285589218139648
1.2894787788391113
1.2415515184402466
1.3608254194259644
1.2353503704071045
1.337026834487915
1.3650758266448975
1.3048574924468994
1.3470877408981323
1.3519465923309326
1.317251443862915
1.3710050582885742
1.3219001293182373
1.336961030960083
1.316697597503662
1.3126322031021118
1.359573483467102
1.2793998718261719
1.303534984588623
1.3562893867492676
1.317392349243164
1.242122769355774
1.2946224212646484
1.2489866018295288
1.385801076889038
1.3768553733825684
1.4412364959716797
1.3636443614959717
1.3809003829956055
1.2894542217254639
1.3687710762023926
1.3430551290512085
1.3713576793670654
1.4308366775512695
1.4280810356140137
1.3830981254577637
1.4230272769927979
1.302879810333252
1.328334927558899
1.3236873149871826
1.2879496812820435
1.2846386432647705
1.337036371231079
1.3494267463684082
1.3436837196350098
1.362990140914917
1.3631824254989624
1.2915246486663818
1.3373992443084717
1.3629870414733887
1.3269777297973633
1.1995956897735596
1.2910476922988892
1.26289963722229
1.290520429611206
1.366382360458374
1.2850016355514526
1.3426647186279297
1.3463268280029297
1.4100059270858765
1.4322137832641602
1.2924895286560059
1.3398380279541016
1.2920951843261719
1.351517915725708
1.2774286270141602
1.329343318939209
1.2852411270141602
1.3400641679763794
1.3586349487304688
1.3483893871307373
1.3755688667297363
1.3880894184112549
1.3965139389038086
1.389816164970398
1.386725664138794
1.324432373046875
1.407715082168579
1.355247974395752
1.3203476667404175
1.3380463123321533
1.4023940563201904
1.3992209434509277
1.3564468622207642
1.3599797487258911
1.3680617809295654
1.330140233039856
1.3274970054626465
1.3720204830169678
1.3263318538665771
1.3358657360076904
1.3445740938186646
1.4278068542480469
1.3653135299682617
1.372937560081482
1.3290269374847412
1.3496100902557373
1.3306429386138916
1.3891687393188477
1.3124988079071045
1.3793582916259766
1.382819652557373
1.4031672477722168
1.4111344814300537
1.3339755535125732
1.353083610534668
1.3527004718780518
1.3475897312164307
1.3803335428237915
1.395362377166748
1.3904001712799072
1.3948841094970703
1.416009545326233
1.3546078205108643
1.332522988319397
1.3377139568328857
1.3391706943511963
1.412222146987915
1.3110431432724
1.382979393005371
1.373716115951538
1.3533637523651123
1.3917254209518433
1.3500597476959229
1.4018223285675049
1.3328001499176025
1.376090168952942
1.344468355178833
1.396376371383667
1.3640838861465454
1.3814438581466675
1.3621939420700073
1.348257064819336
1.3667528629302979
1.3336842060089111
1.3603240251541138
1.3604756593704224
1.3418288230895996
1.4133325815200806
1.4000968933105469
1.3842051029205322
1.4069647789001465
1.4172472953796387
1.3550019264221191
1.3597664833068848
1.363379955291748
1.3152742385864258
1.368912696838379
1.3297964334487915
1.3703875541687012
1.3975956439971924
1.3564105033874512
1.3351576328277588
1.367314100265503
1.3399982452392578
1.3646048307418823
1.3961529731750488
1.3038549423217773
1.3161258697509766
1.361593246459961
1.3807883262634277
1.3795934915542603
1.3657705783843994
1.3619723320007324
1.3547050952911377
1.3779428005218506
1.3439586162567139
1.3119826316833496
1.337784767150879
1.338456630706787
1.338362693786621
1.3628742694854736
1.3643989562988281
1.3873827457427979
1.2773569822311401
1.2718441486358643
1.38542640209198
1.3311625719070435
1.3800803422927856
1.271101474761963
1.3453433513641357
1.3135037422180176
1.3878967761993408
1.4190385341644287
1.3831870555877686
1.388662576675415
1.4239777326583862
1.418196678161621
1.3959599733352661
1.3906888961791992
1.4145047664642334
1.3963987827301025
1.3809788227081299
1.3964142799377441
1.3712120056152344
1.3225386142730713
1.3517677783966064
1.336207628250122
1.326799988746643
1.3481016159057617
1.387262225151062
1.3453001976013184
1.397156000137329
1.373941421508789
1.401963710784912
1.4135714769363403
1.3752228021621704
1.3606574535369873
1.3731882572174072
1.3988980054855347
1.3827402591705322
1.3870351314544678
1.3658993244171143
1.4249502420425415
1.3413115739822388
1.3740226030349731
1.354843258857727
1.355146884918213
1.3963900804519653
1.386929988861084
1.3844356536865234
1.3804335594177246
1.392754316329956
1.3794137239456177
1.3741896152496338
1.3545823097229004
1.365326166152954
1.3525574207305908
1.3610539436340332
1.3738441467285156
1.3934316635131836
1.386282205581665
1.3251616954803467
1.4006476402282715
1.3892970085144043
1.3617048263549805
1.3730661869049072
1.401543140411377
1.3850924968719482
1.3756358623504639
1.4299278259277344
1.4036304950714111
1.39998197555542
1.403641939163208
1.3933594226837158
1.3808324337005615
1.39937424659729
1.3877451419830322
1.400008201599121
1.4002137184143066
1.4026086330413818
1.350853681564331
1.360037088394165
1.3888169527053833
1.3662323951721191
1.4069000482559204
1.376783847808838
1.3467196226119995
1.3754265308380127
1.396286129951477
1.3711845874786377
1.3559589385986328
1.3999245166778564
1.3797863721847534
1.3694413900375366
1.3687331676483154
1.385071039199829
1.3759679794311523
1.3876992464065552
1.3576099872589111
1.3723292350769043
1.384660005569458
1.3464787006378174
1.384743332862854
1.3916178941726685
1.3622454404830933
1.4036003351211548
1.4039051532745361
1.3501198291778564
1.3920409679412842
1.3961083889007568
1.3873827457427979
1.3823370933532715
1.3888366222381592
1.377060055732727
1.3656821250915527
1.392963171005249
1.3568099737167358
1.3577460050582886
1.397021770477295
1.384824514389038
1.3992729187011719
1.3979227542877197
1.3982348442077637
1.3698992729187012
1.3792855739593506
1.3757789134979248
1.371974229812622
1.3619532585144043
1.3512227535247803
1.3427419662475586
1.322511911392212
1.3610798120498657
1.3545242547988892
1.3933517932891846
1.3775819540023804
1.375455379486084
1.3495726585388184
1.3709886074066162
1.37748384475708
1.3831799030303955
1.4010250568389893
1.4011478424072266
1.3517560958862305
1.3475730419158936
1.3823198080062866
1.2971956729888916
1.2938151359558105
1.3393888473510742
1.349137783050537
1.3819315433502197
1.4030479192733765
1.3478214740753174
1.3917286396026611
1.3828339576721191
1.353783369064331
1.3414130210876465
1.3643920421600342
1.3624718189239502
1.3870575428009033
1.3720347881317139
1.3531243801116943
1.3817256689071655
1.3466296195983887
1.3640912771224976
1.4296271800994873
1.334033727645874
1.4163384437561035
1.4062800407409668
1.3679451942443848
1.3951712846755981
1.4013079404830933
1.3734428882598877
1.346142053604126
1.29669189453125
1.3339937925338745
1.353614330291748
1.4252113103866577
1.4114673137664795
1.4145526885986328
1.4116261005401611
1.3930554389953613
1.3860092163085938
1.369869589805603
1.343294620513916
1.3695775270462036
1.382282018661499
1.2899699211120605
1.2994333505630493
1.3089619874954224
1.3368370532989502
1.3125121593475342
1.2949182987213135
1.3895494937896729
1.4001374244689941
1.3379508256912231
1.2575867176055908
1.3091932535171509
1.3096778392791748
1.3178868293762207
1.2849345207214355
1.3878318071365356
1.3094391822814941
1.3487269878387451
1.3604353666305542
1.3304634094238281
1.2547142505645752
1.3441336154937744
1.3727678060531616
1.3091264963150024
1.289090871810913
1.3950399160385132
1.4178075790405273
1.3572533130645752
1.3883320093154907
1.4323508739471436
1.4137217998504639
1.3759651184082031
1.2821359634399414
1.3170742988586426
1.3822636604309082
1.3804631233215332
1.3887298107147217
1.3513009548187256
1.3919705152511597
1.3389304876327515
1.3429341316223145
1.3732149600982666
1.3299115896224976
1.342582106590271
1.3702244758605957
1.3974809646606445
1.3672637939453125
1.3704473972320557
1.3305456638336182
1.3565304279327393
1.372430682182312
1.331056833267212
1.3299076557159424
1.3614130020141602
1.3631930351257324
1.3680087327957153
1.3359203338623047
1.3634659051895142
1.3303998708724976
1.3227884769439697
1.3532613515853882
1.3912925720214844
1.4067692756652832
1.3980011940002441
1.3965363502502441
1.3916902542114258
1.3833587169647217
1.3888418674468994
1.3830392360687256
1.4123561382293701
1.3936022520065308
1.4004656076431274
1.3827320337295532
1.4001340866088867
1.3816391229629517
1.396217703819275
1.3781177997589111
1.368036150932312
1.382770299911499
1.3870904445648193
1.406832218170166
1.4056048393249512
1.4221184253692627
1.3807989358901978
1.3713126182556152
1.378319501876831
1.387446641921997
1.378495454788208
1.3816323280334473
1.377417802810669
1.3880116939544678
1.3788197040557861
1.389324426651001
1.3828070163726807
1.3685325384140015
1.385591745376587
1.3620177507400513
1.3593448400497437
1.351987600326538
1.3750696182250977
1.3835152387619019
1.381059169769287
1.3688502311706543
1.3541038036346436
1.3612279891967773
1.3853154182434082
1.3967708349227905
1.3729853630065918
1.3922755718231201
1.372878074645996
1.4079070091247559
1.4244569540023804
1.327009916305542
1.3724172115325928
1.37575101852417
1.4377574920654297
1.3341772556304932
1.3294217586517334
1.311063528060913
1.4012280702590942
1.388944387435913
1.3954975605010986
1.3901336193084717
1.3820648193359375
1.4074609279632568
1.3926661014556885
1.3663668632507324
1.3909077644348145
1.3857579231262207
1.4066975116729736
1.3869612216949463
1.369516372680664
1.3253896236419678
1.3499457836151123
1.3868411779403687
1.2494508028030396
1.3219237327575684
1.3225566148757935
1.352367877960205
1.315899133682251
1.3248339891433716
1.3402742147445679
1.3605358600616455
1.3141130208969116
1.3683202266693115
1.3071823120117188
1.3850646018981934
1.399893045425415
1.4297585487365723
1.3910553455352783
1.3564674854278564
1.3755276203155518
1.3291363716125488
1.3693214654922485
1.3798820972442627
1.376420497894287
1.3983285427093506
1.3610395193099976
1.3645497560501099
1.3691375255584717
1.3491300344467163
1.3692753314971924
1.392160177230835
1.3748905658721924
1.3725128173828125
1.4253225326538086
1.372924566268921
1.3613643646240234
1.2996337413787842
1.3785464763641357
1.3793894052505493
1.3515838384628296
1.3980599641799927
1.3797661066055298
1.368550181388855
1.3855135440826416
1.3800257444381714
1.3845692873001099
1.3834185600280762
1.3844778537750244
1.3807463645935059
1.3933584690093994
1.3844718933105469
1.403908610343933
1.3716422319412231
1.3828296661376953
1.459984302520752
1.3792904615402222
1.3857436180114746
1.3850548267364502
1.367873191833496
1.415732502937317
1.401092529296875
1.390425443649292
1.4087152481079102
1.3953864574432373
1.3845977783203125
1.391678810119629
1.4125900268554688
1.3953697681427002
1.3613290786743164
1.3435697555541992
1.3525793552398682
1.344587802886963
1.3974652290344238
1.3837459087371826
1.370901346206665
1.39940345287323
1.3439254760742188
1.3624532222747803
1.3483211994171143
1.3732068538665771
1.3673768043518066
1.3870973587036133
1.3827762603759766
1.369274377822876
1.3625333309173584
1.359126329421997
1.3589857816696167
1.3617897033691406
1.3481669425964355
1.3879380226135254
1.3986523151397705
1.3842543363571167
1.3906766176223755
1.415271520614624
1.4073066711425781
1.386792778968811
1.390669822692871
1.3711621761322021
1.3558480739593506
1.356004238128662
1.3701446056365967
1.374502182006836
1.3720097541809082
1.3986291885375977
1.3753955364227295
1.3906927108764648
1.375490427017212
1.3938430547714233
1.3723125457763672
1.3769023418426514
1.3736541271209717
1.3823952674865723
1.389976978302002
1.374245047569275
1.353811502456665
1.3417623043060303
1.3582748174667358
1.376421570777893
1.3815163373947144
1.3270416259765625
1.3432565927505493
1.363955020904541
1.3651437759399414
1.383849859237671
1.3878493309020996
1.3838446140289307
1.3797322511672974
1.3669118881225586
1.3943846225738525
1.3811466693878174
1.3754394054412842
1.3587088584899902
1.3605575561523438
1.353901743888855
1.346175193786621
1.3432035446166992
1.3592168092727661
1.3553705215454102
1.4065172672271729
1.3592294454574585
1.383535623550415
1.3816349506378174
1.321420669555664
1.3616000413894653
1.3619680404663086
1.3938426971435547
1.361466646194458
1.3789355754852295
1.3870984315872192
1.366774082183838
1.3917710781097412
1.3921623229980469
1.3647644519805908
1.3636276721954346
1.3262559175491333
1.3420114517211914
1.3766603469848633
1.3995153903961182
1.3799324035644531
1.3587383031845093
1.3619844913482666
1.313361406326294
1.247054100036621
1.3486464023590088
1.3639295101165771
1.344081163406372
1.368748664855957
1.3814724683761597
1.3697246313095093
1.382106065750122
1.3377305269241333
1.3984837532043457
1.4105443954467773
1.3689988851547241
1.3134368658065796
1.3772302865982056
1.3307760953903198
1.2976977825164795
1.3792400360107422
1.3438771963119507
1.3975880146026611
1.3569743633270264
1.3861565589904785
1.3687870502471924
1.3229154348373413
1.3690141439437866
1.3590788841247559
1.324030876159668
1.3440899848937988
1.3690853118896484
1.4015512466430664
1.3372259140014648
1.3080589771270752
1.3764301538467407
1.3729784488677979
1.3574531078338623
1.3476876020431519
1.3651187419891357
1.3746345043182373
1.3519508838653564
1.3499438762664795
1.3614106178283691
1.3718576431274414
1.3756719827651978
1.3720675706863403
1.3636260032653809
1.4270650148391724
1.3461101055145264
1.3533782958984375
1.3829963207244873
1.38399338722229
1.3295328617095947
1.3808999061584473
1.3786311149597168
1.3730530738830566
1.3387281894683838
1.3731915950775146
1.3725290298461914
1.4030674695968628
1.4072465896606445
1.4174937009811401
1.3450086116790771
1.3668023347854614
1.3712668418884277
1.386897087097168
1.396754264831543
1.3686156272888184
1.4204144477844238
1.3365949392318726
1.368187427520752
1.376203179359436
1.332474946975708
1.3254079818725586
1.377289056777954
1.3859219551086426
1.394848108291626
1.3590357303619385
1.3310014009475708
1.3660153150558472
1.3706940412521362
1.4055176973342896
1.4031010866165161
1.3733494281768799
1.3377974033355713
1.3443903923034668
1.4082651138305664
1.381622314453125
1.3728861808776855
1.368341088294983
1.379443645477295
1.3493573665618896
1.3711183071136475
1.3492789268493652
1.3756070137023926
1.3628287315368652
1.3693370819091797
1.376734733581543
1.3547379970550537
1.355954647064209
1.3543941974639893
1.3684420585632324
1.3565638065338135
1.3526611328125
1.356504201889038
1.386082649230957
1.365647315979004
1.3745050430297852
1.349437952041626
1.3677570819854736
1.362060546875
1.3242402076721191
1.3939976692199707
1.3501856327056885
1.3558554649353027
1.368675708770752
1.356948733329773
1.385002851486206
1.3718100786209106
1.4044831991195679
1.3496109247207642
1.3566558361053467
1.3392605781555176
1.3339303731918335
1.3314549922943115
1.3527945280075073
1.3446892499923706
1.3688205480575562
1.3513442277908325
1.3666296005249023
1.3380757570266724
1.3615469932556152
1.401402235031128
1.3715245723724365
1.3557806015014648
1.389547348022461
1.3917953968048096
1.4075663089752197
1.404775857925415
1.4129271507263184
1.390514612197876
1.4060907363891602
1.3609974384307861
1.3538495302200317
1.3353824615478516
1.3791491985321045
1.3271329402923584
1.3051700592041016
1.3716926574707031
1.3610306978225708
1.322004795074463
1.3101016283035278
1.3571661710739136
1.3673062324523926
1.3541522026062012
1.3699512481689453
1.3744359016418457
1.3730489015579224
1.341421365737915
1.3674392700195312
1.3423314094543457
1.3303120136260986
1.3453435897827148
1.333787441253662
1.3287150859832764
1.3657095432281494
1.3046636581420898
1.332646369934082
1.3921629190444946
1.4153120517730713
1.3609647750854492
1.2231221199035645
1.2892727851867676
1.2452166080474854
1.3714466094970703
1.3794305324554443
1.3439109325408936
1.3599522113800049
1.3564732074737549
1.3624550104141235
1.363232135772705
1.3564753532409668
1.3583623170852661
1.3882396221160889
1.3515735864639282
1.3522391319274902
1.3666938543319702
1.3283891677856445
1.2970221042633057
1.3312599658966064
1.3377044200897217
1.3973456621170044
1.3816652297973633
1.3682959079742432
1.360543966293335
1.3594062328338623
1.3425365686416626
1.305952548980713
1.3725645542144775
1.3655214309692383
1.3366423845291138
1.372603178024292
1.3329253196716309
1.4228084087371826
1.3793175220489502
1.3720996379852295
1.3900160789489746
1.3856921195983887
1.412301778793335
1.3911502361297607
1.391179084777832
1.3283324241638184
1.2940292358398438
1.376401424407959
1.3195934295654297
1.3480417728424072
1.2687962055206299
1.3409801721572876
1.3629810810089111
1.3232910633087158
1.3699638843536377
1.3409943580627441
1.3079969882965088
1.3773951530456543
1.3502931594848633
1.3179516792297363
1.34651517868042
1.3166818618774414
1.3468576669692993
1.3648931980133057
1.3811867237091064
1.3928697109222412
1.3625383377075195
1.3726778030395508
1.3396145105361938
1.3577649593353271
1.3548169136047363
