9.050897598266602
5.746694564819336
6.571113586425781
8.157441139221191
6.6129961013793945
5.691707134246826
7.029343605041504
6.006800174713135
8.512396812438965
6.260097026824951
7.598825931549072
7.483945846557617
8.648172378540039
6.26476526260376
6.777318000793457
7.577640533447266
7.004744529724121
6.419954776763916
7.7319135665893555
7.851369857788086
6.160515308380127
6.803070545196533
5.304741859436035
8.465227127075195
6.872174263000488
7.077805995941162
5.764740467071533
5.742663860321045
6.6100664138793945
5.297589302062988
7.257265567779541
5.734652042388916
5.4575910568237305
6.199699401855469
7.081842422485352
6.233841419219971
8.065513610839844
5.560351371765137
6.796289443969727
5.980405807495117
6.2094902992248535
6.54518985748291
7.036650657653809
6.627285480499268
7.097603797912598
5.798067569732666
5.167120933532715
7.05741024017334
5.867985248565674
7.999303817749023
4.761442184448242
5.307401180267334
5.290764331817627
5.950019836425781
5.15887975692749
6.529969215393066
5.859179496765137
6.431110382080078
5.063606262207031
6.0013909339904785
4.697389602661133
6.421791076660156
5.358842372894287
6.029351234436035
5.6604719161987305
5.340620994567871
5.551000118255615
6.514188766479492
5.163677215576172
5.406713485717773
5.071155548095703
3.7303760051727295
3.8226404190063477
6.113186836242676
4.441706657409668
5.879098415374756
5.349297523498535
4.288919925689697
5.331498146057129
5.054955959320068
4.668576240539551
5.104463577270508
5.017374038696289
4.927740097045898
5.592065811157227
4.351988792419434
4.272915840148926
3.741150379180908
3.7456908226013184
5.6870551109313965
3.6658968925476074
4.1490478515625
3.5827958583831787
3.655296802520752
4.506685733795166
5.507776260375977
4.629949569702148
4.529869556427002
4.1479597091674805
4.901259899139404
5.046982765197754
3.9406368732452393
4.059332370758057
4.345569610595703
3.907191753387451
3.961566209793091
3.9873762130737305
4.110388278961182
3.3273210525512695
4.209853649139404
4.6120452880859375
3.974228858947754
5.6296000480651855
3.689523220062256
3.490145683288574
3.9680986404418945
4.3837714195251465
3.5318427085876465
3.7297675609588623
3.266477346420288
3.8941261768341064
3.2041878700256348
3.727055311203003
3.985382080078125
3.5745460987091064
3.395498752593994
3.1382927894592285
3.4334089756011963
3.119633674621582
4.377257823944092
3.0477235317230225
3.172133684158325
3.239375114440918
3.161440134048462
3.3421497344970703
3.4878087043762207
2.62542986869812
3.342782497406006
2.925365686416626
3.517141103744507
2.8281779289245605
4.800012111663818
4.297487258911133
3.148372173309326
3.594759941101074
3.3713152408599854
2.372954845428467
2.7882745265960693
4.137354850769043
2.792356014251709
2.5506889820098877
3.003647804260254
4.556506633758545
3.3883748054504395
3.0169503688812256
2.817457675933838
2.992767810821533
4.5074310302734375
3.206096649169922
2.9408493041992188
3.4943718910217285
2.8612329959869385
3.3213000297546387
2.935286521911621
2.6229896545410156
2.3271331787109375
2.536350727081299
3.8004884719848633
3.152625322341919
3.544050455093384
3.9340267181396484
3.417078733444214
3.429887533187866
2.4674649238586426
3.7949094772338867
3.982733726501465
2.262681484222412
2.75944185256958
3.169745683670044
4.160661697387695
2.670351505279541
2.1776089668273926
2.2745041847229004
2.798213243484497
2.959686279296875
2.072296619415283
3.0035486221313477
2.928617477416992
2.8957436084747314
3.1370770931243896
3.554150104522705
3.214146375656128
3.0750555992126465
3.027744770050049
3.498525381088257
2.614100933074951
2.3840184211730957
2.8130691051483154
3.7516891956329346
2.718367099761963
2.3580141067504883
2.930229425430298
2.626608371734619
2.087876319885254
2.5695321559906006
2.717076539993286
2.7326431274414062
3.320801258087158
2.9465432167053223
2.7943227291107178
3.710726261138916
3.3112425804138184
2.7540793418884277
2.825902223587036
1.987379789352417
2.8352389335632324
2.705929756164551
2.0725297927856445
2.5531058311462402
2.003087282180786
3.2024354934692383
2.96884822845459
3.166076898574829
2.651395320892334
3.046670436859131
2.9362759590148926
3.559819459915161
2.593958854675293
2.5675835609436035
2.131140947341919
3.0366318225860596
2.5958173274993896
3.0438008308410645
2.5874733924865723
2.4948971271514893
2.551847457885742
2.4289824962615967
2.899138927459717
2.8346378803253174
3.0263195037841797
2.459317207336426
3.3907079696655273
2.7346060276031494
2.7865729331970215
3.262047290802002
2.0586698055267334
2.5583934783935547
3.1096205711364746
2.508737087249756
2.5734188556671143
3.218813896179199
3.5077390670776367
2.52120304107666
2.1501104831695557
1.9426352977752686
3.491856575012207
2.2527735233306885
2.6485142707824707
2.8901233673095703
2.5624325275421143
2.950648784637451
3.069729804992676
3.3659234046936035
1.6570663452148438
2.997652530670166
1.9410247802734375
2.7277536392211914
2.9034485816955566
2.6027517318725586
2.656153440475464
2.9011588096618652
2.799877643585205
2.6928327083587646
2.1691527366638184
1.874841332435608
2.3066234588623047
2.2711377143859863
2.2618510723114014
3.013293504714966
2.3595919609069824
2.436643123626709
3.243053674697876
2.589223623275757
2.469500780105591
3.1037323474884033
3.0640580654144287
2.723891258239746
2.9285364151000977
2.367245674133301
2.5679662227630615
2.3267710208892822
3.512075662612915
2.650111198425293
2.5051002502441406
3.740475654602051
2.630166530609131
3.2122647762298584
3.328821897506714
3.1566479206085205
2.920111894607544
2.3918185234069824
1.876801609992981
2.8638675212860107
2.142916679382324
2.4475255012512207
1.880611777305603
2.064112663269043
2.3750040531158447
2.892113208770752
3.2955026626586914
2.5832858085632324
2.3655357360839844
3.023416519165039
2.7098071575164795
2.277559757232666
2.3236043453216553
3.7673306465148926
3.746549606323242
2.7286837100982666
2.2135958671569824
3.107576370239258
3.6839799880981445
2.4385275840759277
2.614175319671631
2.3943018913269043
2.5380029678344727
2.6589083671569824
2.3901071548461914
2.7900495529174805
2.922295331954956
2.6689329147338867
1.9663028717041016
2.8399531841278076
2.495912551879883
1.9331319332122803
2.1582586765289307
2.3165183067321777
3.050629138946533
2.151401996612549
2.934953451156616
2.1973154544830322
2.670290470123291
3.319364070892334
1.912117600440979
2.4705610275268555
2.3727548122406006
3.712460994720459
2.5391597747802734
2.3392674922943115
2.3571906089782715
2.52974271774292
2.9141571521759033
2.4137520790100098
2.3790266513824463
2.4031713008880615
2.5594842433929443
2.0066826343536377
2.2463788986206055
2.1328816413879395
2.8259782791137695
2.4259603023529053
2.386066198348999
3.3103244304656982
3.5100185871124268
2.0386226177215576
2.4119997024536133
2.5887374877929688
2.791205406188965
3.2294745445251465
2.9057483673095703
2.967712879180908
2.5191986560821533
2.9830915927886963
3.0355710983276367
2.4496910572052
2.2482337951660156
1.7628201246261597
2.6357693672180176
2.9127795696258545
2.86206316947937
2.4881558418273926
2.1869993209838867
2.841278076171875
2.4230258464813232
2.5034737586975098
2.3909127712249756
2.814908266067505
2.189228057861328
2.24273681640625
2.2804877758026123
2.940155506134033
2.2153844833374023
4.138754844665527
2.234356164932251
1.9044121503829956
1.7548980712890625
3.187425374984741
2.9277126789093018
2.531558036804199
2.4669888019561768
2.2168490886688232
2.584677219390869
2.3980395793914795
2.11319899559021
2.322679042816162
2.3799405097961426
2.818188190460205
2.3524045944213867
1.8838462829589844
2.6466615200042725
2.5312674045562744
2.5031657218933105
1.5016051530838013
2.05816912651062
3.118436813354492
2.442378282546997
2.409062385559082
2.9266717433929443
2.1436362266540527
2.7592313289642334
2.607246160507202
2.4456803798675537
2.5636119842529297
3.229307174682617
3.159874200820923
3.485886812210083
2.7015275955200195
3.1038336753845215
2.9611449241638184
3.4378345012664795
2.323728561401367
2.9713306427001953
3.639464855194092
1.7432714700698853
2.3483023643493652
2.540313243865967
2.322657823562622
3.4136457443237305
2.751004934310913
2.1973397731781006
1.7097313404083252
2.0601534843444824
3.925549268722534
1.904432773590088
2.9025893211364746
2.1324386596679688
1.729827642440796
2.559553623199463
2.0332891941070557
2.21012020111084
2.3343398571014404
3.0488436222076416
2.7108142375946045
1.8795214891433716
2.1737608909606934
2.1400675773620605
2.241999387741089
1.6948035955429077
2.871736526489258
2.395914316177368
2.979390859603882
3.9442152976989746
1.9285563230514526
2.9443511962890625
2.6173057556152344
2.2546215057373047
1.7897311449050903
2.3829383850097656
2.7966225147247314
2.1057262420654297
3.1095261573791504
2.163952589035034
3.134725570678711
1.8569409847259521
2.0968081951141357
1.9585223197937012
1.804531455039978
2.499791145324707
2.3168787956237793
2.177495002746582
2.155493974685669
2.6264214515686035
1.878415584564209
2.2509572505950928
1.7105525732040405
2.3086323738098145
2.3132967948913574
1.8777567148208618
1.8805820941925049
2.2670130729675293
2.1900603771209717
2.167294502258301
2.2304272651672363
2.123730421066284
2.157022476196289
2.0121657848358154
2.4931955337524414
1.7390573024749756
1.8960529565811157
1.873200535774231
2.4511001110076904
2.7371339797973633
2.703387975692749
2.3839316368103027
1.7927764654159546
2.1627681255340576
3.256199359893799
1.92545747756958
2.644392728805542
2.499556541442871
2.31101655960083
2.6717207431793213
3.2108821868896484
2.6639721393585205
2.125906467437744
2.6116843223571777
2.9641189575195312
1.9703086614608765
2.3243467807769775
2.5483407974243164
1.6286611557006836
2.410597324371338
2.758037567138672
2.3544788360595703
2.5527100563049316
1.9351316690444946
2.080937385559082
2.2849786281585693
2.619919538497925
2.7733163833618164
2.497103214263916
2.0080466270446777
2.651956081390381
2.1484923362731934
2.027700424194336
2.081395149230957
2.6588008403778076
3.1034865379333496
2.415727138519287
2.3899147510528564
3.2319865226745605
3.2459049224853516
2.7397236824035645
2.451749563217163
2.961484670639038
2.138127326965332
1.5171706676483154
2.1484529972076416
2.336479902267456
2.9136850833892822
2.472612142562866
2.730440139770508
1.7730332612991333
2.550163984298706
2.3813838958740234
2.6409568786621094
2.708599328994751
2.2842326164245605
2.1593809127807617
2.292354106903076
2.6028966903686523
3.3387370109558105
2.310950517654419
3.2027974128723145
2.3681654930114746
2.2909750938415527
3.2849698066711426
1.8737304210662842
2.3537533283233643
2.823274612426758
1.9163665771484375
2.387622594833374
3.372335195541382
2.712695598602295
2.055819511413574
2.1736464500427246
1.7525070905685425
3.8095197677612305
2.9219865798950195
2.3587899208068848
2.6481125354766846
3.026555061340332
1.7558531761169434
1.9627635478973389
2.1701912879943848
2.273761034011841
2.281982421875
1.9335788488388062
2.670969009399414
1.707277774810791
2.924020528793335
2.0523648262023926
1.886003851890564
2.4081220626831055
2.9951508045196533
2.7398533821105957
2.673828601837158
2.8874831199645996
2.8907482624053955
4.106846809387207
2.1767830848693848
2.3307600021362305
1.9359972476959229
2.269277334213257
2.3806843757629395
2.823094129562378
2.0812063217163086
1.9219207763671875
1.8137540817260742
2.319916248321533
2.5427424907684326
2.1030900478363037
2.3563904762268066
2.8510284423828125
2.1911797523498535
2.5275685787200928
1.9826710224151611
3.0391197204589844
2.11867094039917
2.5840344429016113
1.8746788501739502
2.7086267471313477
2.9968338012695312
2.560452938079834
1.7707335948944092
1.851373553276062
1.7761504650115967
2.3398804664611816
2.1836812496185303
2.134190320968628
2.3682234287261963
1.794767141342163
2.048780918121338
2.35939621925354
1.9443570375442505
1.7832727432250977
2.1708264350891113
2.1568541526794434
2.253260612487793
1.681946039199829
2.133087158203125
2.758763074874878
2.1047987937927246
2.2842376232147217
2.0857768058776855
2.7380943298339844
2.2340199947357178
2.224449634552002
2.766188621520996
1.989133358001709
1.7461334466934204
2.262359619140625
2.0465519428253174
2.4924354553222656
2.7117977142333984
2.5318355560302734
2.2425003051757812
2.2733311653137207
1.7739531993865967
2.268751621246338
2.524834632873535
3.036489963531494
3.3222196102142334
2.462378740310669
2.3877220153808594
2.002562999725342
2.577888250350952
2.3655762672424316
2.421766757965088
1.7970168590545654
2.021395206451416
2.1820101737976074
1.7893750667572021
2.1067898273468018
2.146178722381592
4.144402980804443
1.8193241357803345
2.515749931335449
1.6409637928009033
1.9991391897201538
2.2347891330718994
3.1337504386901855
2.2891972064971924
2.3808512687683105
2.3767306804656982
2.273775100708008
2.3059308528900146
2.7108304500579834
2.041581630706787
2.290587902069092
2.5701918601989746
1.9697080850601196
1.885113000869751
2.3742899894714355
1.876018762588501
2.5305254459381104
1.9430675506591797
2.6833224296569824
2.376953601837158
2.321845054626465
3.0711841583251953
2.5291056632995605
1.9019038677215576
2.3731980323791504
1.8728773593902588
2.068633556365967
2.778282880783081
2.3505730628967285
1.5925626754760742
2.379565715789795
2.8534154891967773
2.0792858600616455
3.0702173709869385
2.6466245651245117
2.0155179500579834
2.6059775352478027
2.23722767829895
2.3211989402770996
2.6012768745422363
1.8296892642974854
2.1597208976745605
3.560457468032837
2.8039491176605225
2.0742828845977783
2.516782283782959
2.1094892024993896
2.6305155754089355
3.46523380279541
2.9491281509399414
2.8492887020111084
1.661195993423462
2.5796070098876953
2.990354299545288
2.2559900283813477
2.3452770709991455
1.570429801940918
2.9030308723449707
2.182626485824585
2.3509368896484375
2.1882715225219727
2.14674711227417
3.073420286178589
3.1039681434631348
2.3426246643066406
3.5729973316192627
3.051098346710205
2.3751633167266846
2.5338733196258545
2.1426138877868652
2.1299169063568115
2.2916598320007324
1.959737777709961
2.217353105545044
2.4143009185791016
2.6358516216278076
1.3073651790618896
2.2930502891540527
1.6060434579849243
1.539397120475769
3.288217067718506
2.2311248779296875
3.089507579803467
2.1959376335144043
2.457834243774414
1.6891512870788574
2.252967357635498
2.761837959289551
1.8034247159957886
2.7789273262023926
2.2219362258911133
1.540900468826294
1.8124394416809082
2.061910629272461
2.3003931045532227
2.38393235206604
2.35294246673584
1.7693090438842773
2.6914026737213135
2.0500102043151855
2.6772308349609375
2.247826099395752
3.211000680923462
2.1748406887054443
2.1145806312561035
2.187997817993164
2.0694165229797363
2.6218016147613525
2.407496690750122
1.9402600526809692
2.4450178146362305
2.3517210483551025
1.885605812072754
2.343555212020874
1.950242280960083
1.8150458335876465
2.12895131111145
2.840491533279419
2.267643928527832
2.27069354057312
2.100105047225952
2.529200792312622
2.2222347259521484
3.1142377853393555
2.568678855895996
1.8624626398086548
2.6246187686920166
2.2344508171081543
2.250302791595459
2.4834206104278564
2.538050651550293
1.6661218404769897
2.379483461380005
2.3217740058898926
2.3669381141662598
2.197476625442505
1.6636930704116821
1.9356403350830078
2.0414247512817383
1.7846938371658325
2.1522302627563477
3.8595168590545654
3.178402900695801
2.038029193878174
2.5862996578216553
1.9849376678466797
3.300546884536743
2.8647117614746094
1.9151291847229004
2.7477903366088867
2.725368022918701
1.7213666439056396
2.4369447231292725
3.0313732624053955
2.024090051651001
3.0867443084716797
2.61702823638916
2.350661277770996
1.9042198657989502
2.8023858070373535
2.4240188598632812
2.3312036991119385
2.0700507164001465
1.8222332000732422
2.1225671768188477
1.937394142150879
2.1843504905700684
2.641810178756714
2.2110085487365723
2.6534512042999268
2.659799575805664
2.930161952972412
1.954910397529602
1.8794281482696533
2.487927198410034
2.4397871494293213
2.4688005447387695
1.9724260568618774
2.8494107723236084
2.3686647415161133
2.6943747997283936
2.7508139610290527
2.172933578491211
2.5741915702819824
2.697826385498047
2.4275765419006348
2.3314261436462402
2.2591514587402344
2.654926300048828
2.549560070037842
1.781529188156128
2.441509962081909
2.124957799911499
2.217954635620117
1.8035447597503662
2.391003370285034
2.2396984100341797
1.806074857711792
2.757011890411377
2.9458749294281006
2.0920097827911377
1.776196002960205
2.39530611038208
1.8712055683135986
2.5489416122436523
2.0774645805358887
2.312514305114746
2.6528618335723877
1.7454503774642944
2.0264883041381836
2.203389883041382
2.727560043334961
2.4586586952209473
2.5208053588867188
2.5863776206970215
2.2854514122009277
1.6310418844223022
1.7217810153961182
2.008814811706543
1.9786958694458008
2.352048873901367
1.9826459884643555
2.949820041656494
2.6108665466308594
2.3869497776031494
2.6471145153045654
2.2899231910705566
1.755985140800476
2.8154585361480713
2.4350855350494385
1.8133726119995117
1.7815489768981934
2.2516398429870605
2.013216495513916
3.3661041259765625
1.9651079177856445
3.2466955184936523
1.9531495571136475
1.8683621883392334
1.8976534605026245
2.605126142501831
1.7056710720062256
1.9212737083435059
1.983867883682251
2.444629669189453
1.9392364025115967
2.361173152923584
2.081709861755371
1.7095253467559814
2.9780991077423096
2.358001947402954
2.3443193435668945
2.111813545227051
2.711599349975586
2.030179738998413
2.1880431175231934
2.098191499710083
2.0015902519226074
1.9949946403503418
2.593132495880127
1.7759090662002563
1.8868093490600586
2.6761889457702637
2.2796239852905273
1.9152326583862305
1.8660588264465332
2.1191952228546143
2.595795154571533
2.3386847972869873
2.1418023109436035
2.2804622650146484
2.5140326023101807
1.8112070560455322
2.454894781112671
1.7777636051177979
2.5249767303466797
2.4511237144470215
1.7760725021362305
2.088850975036621
1.874490737915039
2.226346015930176
2.2471745014190674
2.1030430793762207
2.5116143226623535
1.7893424034118652
1.6992640495300293
2.2351109981536865
2.208829402923584
2.837259531021118
2.1358022689819336
2.1878340244293213
2.456481456756592
2.2456045150756836
2.1962854862213135
1.9935201406478882
2.2744922637939453
2.93190598487854
2.8483853340148926
1.9121675491333008
2.209826707839966
2.1897048950195312
1.7144356966018677
2.398329019546509
2.893984794616699
1.9863163232803345
1.84807550907135
2.0848684310913086
2.1543822288513184
1.6711933612823486
2.2487401962280273
3.3948094844818115
2.48799467086792
2.266948938369751
2.160609006881714
1.6122663021087646
1.726546049118042
2.192781925201416
2.0679407119750977
1.6102283000946045
2.7127223014831543
2.1991665363311768
2.0040245056152344
1.9436415433883667
2.993964433670044
2.023679256439209
2.327202320098877
2.8620591163635254
2.0501654148101807
2.6317851543426514
1.5460621118545532
2.0129284858703613
1.474637746810913
1.7869749069213867
2.329864501953125
2.6577634811401367
2.232088327407837
1.5495998859405518
1.9518778324127197
2.311124324798584
3.1107568740844727
2.3309264183044434
3.1290078163146973
2.691208839416504
2.5475854873657227
1.896685242652893
2.4442994594573975
1.5108814239501953
1.893993616104126
2.4888358116149902
2.396144151687622
1.7945075035095215
2.8612117767333984
1.6921329498291016
2.663161277770996
2.4218409061431885
1.9503395557403564
1.7126522064208984
1.789916753768921
2.9255194664001465
1.7110848426818848
2.035519599914551
2.331756353378296
2.5244545936584473
2.1767799854278564
1.9909427165985107
1.9838401079177856
2.8245792388916016
2.0266785621643066
2.7663450241088867
2.1086723804473877
1.848441481590271
2.5371453762054443
2.002565860748291
1.833799123764038
2.8659210205078125
3.0312488079071045
1.6679000854492188
2.4815006256103516
1.653283953666687
1.5901706218719482
1.855858325958252
1.9833686351776123
2.23754620552063
2.300096273422241
2.697105884552002
1.7748857736587524
2.421402931213379
2.1075685024261475
2.467210054397583
2.0344676971435547
2.85425066947937
2.533308267593384
2.473426342010498
3.405716896057129
2.106020450592041
1.5268903970718384
1.8177669048309326
2.3349533081054688
1.9305005073547363
2.578889846801758
1.8697277307510376
1.923643708229065
2.3248369693756104
2.501904249191284
1.8822318315505981
1.712435007095337
1.671515703201294
1.7815351486206055
2.132141590118408
2.1700451374053955
2.4366705417633057
1.9441181421279907
2.8160881996154785
1.7991503477096558
2.1770734786987305
1.8503086566925049
2.0700900554656982
1.7036199569702148
1.5128591060638428
1.9206187725067139
2.140719175338745
3.4449338912963867
2.323307752609253
2.0275309085845947
2.6639556884765625
1.876714825630188
1.5327754020690918
2.2056736946105957
1.823143482208252
2.2299599647521973
1.823928952217102
2.421006202697754
2.183283805847168
1.9575960636138916
1.901343822479248
2.155305862426758
2.1079015731811523
1.915027379989624
1.8435266017913818
2.6101274490356445
2.355318546295166
2.337845802307129
2.0651423931121826
2.201509475708008
1.9063754081726074
1.9890673160552979
3.2724461555480957
1.7205718755722046
2.4733121395111084
2.8649215698242188
2.27596116065979
1.738771677017212
2.839853525161743
1.6344943046569824
2.3821017742156982
1.8724355697631836
2.540389060974121
1.5962580442428589
2.0105719566345215
1.638061761856079
1.8027470111846924
2.7982211112976074
1.9128460884094238
2.1956138610839844
2.157599449157715
2.4060492515563965
1.6961265802383423
1.7957918643951416
1.6862579584121704
3.0737249851226807
2.212433099746704
2.5434718132019043
2.125927686691284
1.8428314924240112
1.5569725036621094
2.0094776153564453
2.792611598968506
1.7402610778808594
2.843972682952881
2.504613161087036
2.1413800716400146
2.4292144775390625
2.247371196746826
2.5431759357452393
2.3879854679107666
1.8313806056976318
2.073895215988159
2.707171678543091
2.4352834224700928
3.0800092220306396
2.3293190002441406
1.9287943840026855
2.058269500732422
2.1431145668029785
2.8926193714141846
2.924048900604248
1.889207363128662
2.0753347873687744
1.300093650817871
2.417491912841797
2.1486659049987793
1.3973777294158936
2.4158525466918945
1.933465838432312
2.4595589637756348
2.305781602859497
2.0443174839019775
1.8521358966827393
1.9995425939559937
2.2038469314575195
1.8156524896621704
2.8987181186676025
2.2181291580200195
2.391221761703491
2.006927967071533
1.7897040843963623
1.9145143032073975
3.3460640907287598
2.3184239864349365
1.7082514762878418
3.721334934234619
3.28078556060791
1.808326005935669
2.1344666481018066
2.640388011932373
2.147522211074829
2.422393798828125
2.1572277545928955
2.8773131370544434
1.789840579032898
2.4194929599761963
1.9754047393798828
1.7050621509552002
2.438546895980835
2.5427589416503906
1.8662090301513672
2.5936059951782227
2.3163137435913086
2.4652099609375
2.0569329261779785
1.6122426986694336
1.7375255823135376
1.9302444458007812
1.666085958480835
2.02400803565979
2.0560646057128906
2.342987537384033
2.1629581451416016
1.9020768404006958
1.944749355316162
2.5507025718688965
2.5396130084991455
2.402996063232422
1.7400294542312622
1.9445632696151733
1.6366996765136719
1.5418152809143066
1.973924994468689
2.674438953399658
1.734162449836731
2.3811800479888916
2.3715198040008545
2.350977897644043
2.5500102043151855
1.7711589336395264
2.031644344329834
1.7333858013153076
2.822908401489258
2.5079424381256104
2.2803311347961426
1.6964225769042969
2.2159433364868164
2.0928430557250977
1.5958340167999268
2.408456802368164
1.878611445426941
2.0490472316741943
2.3451831340789795
2.30288028717041
2.186875343322754
2.533742904663086
1.9412071704864502
1.864013433456421
2.3990395069122314
1.9153218269348145
2.003232002258301
2.536320924758911
2.1945624351501465
2.002746343612671
3.227085828781128
1.5744813680648804
1.7892088890075684
1.9661990404129028
2.3675265312194824
1.793956995010376
2.7126104831695557
2.094529390335083
2.7192821502685547
2.386615753173828
2.2976512908935547
2.0450611114501953
2.1015074253082275
2.0794920921325684
2.6707794666290283
2.1061387062072754
2.2714598178863525
2.3739123344421387
1.9464200735092163
2.848663806915283
2.771442413330078
3.1652963161468506
2.170137643814087
2.2148654460906982
1.8425562381744385
1.7985883951187134
1.5834050178527832
2.1348586082458496
2.1767613887786865
1.9494506120681763
1.7387691736221313
1.6043694019317627
2.2048192024230957
1.8198164701461792
1.942322850227356
2.5476937294006348
2.126708984375
3.2454280853271484
2.6582372188568115
1.926161527633667
2.167180061340332
1.7993261814117432
1.6696975231170654
2.0104711055755615
2.2033872604370117
1.9071693420410156
2.219909429550171
1.9728606939315796
1.9363752603530884
3.1010396480560303
2.1052300930023193
2.46974515914917
2.1036126613616943
1.570603370666504
1.920440912246704
2.43491530418396
2.926396608352661
1.8395805358886719
2.3786497116088867
1.377483606338501
1.7703794240951538
1.9598159790039062
1.9005773067474365
2.1491575241088867
2.0037412643432617
2.107607841491699
2.2188878059387207
1.5534634590148926
2.568573474884033
2.0126795768737793
2.0658092498779297
2.1166892051696777
2.0909276008605957
1.9176077842712402
2.1484732627868652
1.9531644582748413
1.930911898612976
1.628165602684021
2.198608160018921
2.096151828765869
3.5482161045074463
1.7170532941818237
2.135301113128662
2.665154457092285
2.349733352661133
3.0543670654296875
1.7374281883239746
2.804563045501709
2.631823778152466
2.156531572341919
2.200378894805908
2.580824375152588
1.7024996280670166
1.9042264223098755
2.317715644836426
2.4330921173095703
2.1606950759887695
2.0706448554992676
1.636137843132019
2.0517802238464355
2.0140011310577393
1.9136264324188232
1.8280842304229736
2.2862281799316406
1.7415213584899902
1.7880079746246338
2.253690004348755
2.5092177391052246
2.030972480773926
2.5678577423095703
2.3304431438446045
1.890578031539917
2.4839541912078857
1.9854857921600342
2.3087494373321533
2.181175708770752
2.1398510932922363
2.236992359161377
