1.9995107650756836
1.839702844619751
1.6192185878753662
1.9325110912322998
1.9547622203826904
1.9435157775878906
1.985304832458496
1.9875959157943726
1.677517056465149
1.4428291320800781
2.044874906539917
2.018768072128296
2.0774941444396973
1.3458830118179321
1.5611798763275146
2.478196144104004
1.7987678050994873
0.9954313635826111
1.656127691268921
1.629324197769165
0.9063159823417664
1.2852460145950317
0.7939848303794861
0.6620700359344482
1.7307281494140625
0.8645150065422058
1.2611585855484009
1.1324272155761719
0.7079855799674988
2.4877872467041016
1.012600302696228
1.063444972038269
1.5543549060821533
1.4392932653427124
1.1841858625411987
1.3614550828933716
1.5094592571258545
1.8635551929473877
0.9675001502037048
0.9583990573883057
0.7298910617828369
1.2786242961883545
3.828571319580078
1.1266539096832275
0.5863024592399597
0.4750578999519348
0.7935006618499756
1.4340121746063232
1.1758030652999878
0.017507176846265793
0.05540447682142258
0.48587512969970703
0.6556358933448792
1.135044813156128
1.5416030883789062
0.974218487739563
0.8142727613449097
1.6410300731658936
0.4472135007381439
0.0
0.9106196761131287
0.23933064937591553
1.568253517150879
0.11588647216558456
0.5970234870910645
0.3628403842449188
0.4341878294944763
0.35409659147262573
0.3989231586456299
1.1438279151916504
1.4178506135940552
0.5343424677848816
0.5828525424003601
0.0
0.4847337603569031
1.2153171300888062
0.8333671689033508
1.4601587057113647
1.0351005792617798
0.6620810031890869
1.3661497831344604
0.08595358580350876
0.5006778240203857
0.29177770018577576
1.130831241607666
0.12482823431491852
1.131618857383728
0.05023102089762688
0.22365739941596985
1.0721499919891357
0.3047722280025482
0.007595572620630264
0.23609215021133423
0.0
1.006178379058838
1.127793788909912
2.1767494678497314
0.9946492910385132
0.7001851797103882
0.7896595001220703
0.6033961176872253
1.7866854667663574
1.8943225145339966
1.857479453086853
1.5755631923675537
1.2968205213546753
1.389542579650879
1.0261187553405762
1.3312565088272095
1.1509785652160645
0.0
0.36271756887435913
0.09068198502063751
0.8675506114959717
0.3859180212020874
1.0669299364089966
0.26761847734451294
1.2117564678192139
0.2676636576652527
0.24920058250427246
0.44518232345581055
0.7567291259765625
0.0
0.0
0.6439628005027771
1.3023501634597778
0.09318733215332031
0.2291671484708786
0.0
0.0
0.9178193807601929
0.0
4.507317543029785
1.6027672290802002
0.22574353218078613
0.4935009479522705
0.5801361799240112
0.39343076944351196
0.37679487466812134
0.2297869175672531
0.7256321310997009
0.2369857281446457
0.13689593970775604
0.38379591703414917
1.0651586055755615
1.0762395858764648
0.5315061211585999
1.1238698959350586
1.8121874332427979
0.47699153423309326
0.46121320128440857
0.07101301848888397
0.02540764771401882
0.5159204006195068
0.005568211432546377
0.0
0.5845595598220825
0.0
0.5578458309173584
0.03582974523305893
1.1868855953216553
0.07154124975204468
0.0
0.2723400294780731
0.03975052386522293
0.5276563763618469
0.345941960811615
0.4733904004096985
1.0570988655090332
0.5212017893791199
0.538235068321228
0.4467065930366516
0.0
0.9931227564811707
0.6294545531272888
9.763559774000896e-07
0.0
0.0
0.23799797892570496
0.10062161087989807
2.1192431449890137
0.26264163851737976
0.41233986616134644
0.9713754653930664
0.6583048701286316
0.0
1.2263398170471191
0.35179147124290466
0.7101743221282959
0.8161567449569702
0.9018451571464539
0.0
0.3752864599227905
1.6047604084014893
0.6554463505744934
0.4796317219734192
0.0
0.0
0.4194429814815521
0.0
1.2860857248306274
0.0
0.18196265399456024
0.36841464042663574
0.48114079236984253
0.044722430408000946
0.0
0.20900940895080566
0.9214076995849609
0.1735263466835022
0.0050686015747487545
0.423322856426239
0.34826070070266724
0.09910237044095993
0.0
0.2580147385597229
0.9684314727783203
0.0
0.0
0.0
2.0137956142425537
0.0
0.08540066331624985
0.3228719234466553
0.0
0.1567343771457672
0.0
0.4593158960342407
0.9062911868095398
1.0335532426834106
0.8362394571304321
0.0
0.41386640071868896
0.0682503953576088
0.5530288219451904
0.0
0.0885021910071373
0.345948189496994
0.0
0.15307381749153137
0.16681014001369476
0.0
0.0
0.5272701382637024
0.09125751256942749
0.0
1.6045851707458496
0.0
0.47017931938171387
0.0
0.0
0.21071147918701172
0.0
0.6487807035446167
0.0
0.5356590151786804
0.0
0.0
0.20380499958992004
0.21921443939208984
0.7851508855819702
0.25516921281814575
0.0023967106826603413
0.0
0.0
0.562283456325531
0.0
0.0
0.726024329662323
0.5158540606498718
0.0
1.1179940700531006
0.0
0.0825088620185852
0.7399405241012573
0.5594416856765747
0.0
0.0
0.0
0.5522953867912292
0.09160391986370087
0.5761384963989258
0.4055728316307068
0.10545933246612549
0.0
0.5768011808395386
0.0
0.7341842651367188
2.138214588165283
0.0
0.49694758653640747
0.6751198172569275
0.0
0.0
0.7579277753829956
0.5755407214164734
0.005873417016118765
0.0
0.4053705930709839
0.034360311925411224
0.0
0.6916542053222656
0.0
0.6090031862258911
0.0
0.0
0.8542690277099609
0.0
0.0
1.2171099185943604
0.0
0.0
0.8655129671096802
0.0
0.0
0.0
0.7205802202224731
0.4782838225364685
0.18403442203998566
0.17866119742393494
0.0
0.9656976461410522
0.0
0.4914090633392334
0.0
0.2886379659175873
0.2637075185775757
0.004580225795507431
0.09309089183807373
0.0
0.3265557587146759
0.0
0.0
0.22318801283836365
0.0
0.0
0.0
0.0
0.0
0.0
0.0
0.0
0.5881150960922241
0.0
0.2282698005437851
0.0
0.09835132211446762
0.0
0.0
0.0
0.0
0.0
0.0748821496963501
0.0
0.0
0.6834276914596558
0.0
0.0
0.0
0.27728337049484253
0.0
0.0
0.4250358045101166
0.22808599472045898
0.0
0.0
0.0
0.26616084575653076
0.0
0.0
0.004244127310812473
1.6426522731781006
0.4177785813808441
0.0
0.6142139434814453
0.0
0.11054478585720062
0.16560429334640503
0.40601128339767456
0.0
0.43879157304763794
0.0
0.20238088071346283
0.0
0.0
0.34484633803367615
0.2374749630689621
0.0
0.05337595194578171
0.0
0.0
0.0
0.4160347580909729
0.0
0.0
0.6014528870582581
0.07410752773284912
0.0
0.0
0.0
0.0
0.0
0.0681479424238205
0.0
0.0
0.0
0.0
0.0
0.0
0.0
1.3417495489120483
0.0
0.0010341685265302658
0.05506180226802826
0.000748932478018105
0.001606253208592534
0.0
0.32687410712242126
0.573556125164032
0.0
0.0
0.0
0.0
0.0
0.15225696563720703
1.074716329574585
0.0
0.0
0.0
0.010246627032756805
0.711201548576355
0.18838953971862793
0.0
0.0
0.0
0.0
0.0
0.0
0.0
0.46611565351486206
0.0
0.0
3.5592433960118797e-06
0.0
0.0
0.0
0.04148263856768608
0.0
0.17667721211910248
0.017576351761817932
0.0
0.0
0.0
0.0
0.0
0.0
0.0
0.011306367814540863
0.0
1.2073885202407837
0.15613669157028198
1.186474084854126
0.01769081875681877
0.07796275615692139
0.0
0.0
0.5776892304420471
0.29860466718673706
0.0
0.0
0.0
0.0
0.48030292987823486
0.0
0.5287749171257019
0.0
0.0
0.3557676672935486
0.0
0.0
0.0
0.0
0.001413312740623951
0.015824340283870697
0.755232036113739
0.0
0.0
0.0
0.0
0.09583228826522827
0.01563853584229946
0.0
0.31835606694221497
0.0
0.0
0.0
0.19497331976890564
0.6458923816680908
0.0
0.0
0.0
0.12488256394863129
0.0
0.12297181785106659
0.5747624039649963
0.0007083271630108356
0.0
0.0
0.0
0.0
0.0
0.0
0.0
0.0
0.0
0.0
0.0
0.0
0.543327271938324
0.0
0.0
0.0
0.2959592640399933
0.0
0.0
0.0
0.0
0.0
1.5575904846191406
0.0
0.0
0.0
1.3858563899993896
0.0
0.39760586619377136
0.0
0.0
0.0
0.0
0.0
0.0
0.12059711664915085
0.0
0.0
0.09855645895004272
0.0
0.0
0.0
0.0
0.0
0.0
0.1095304787158966
0.0
0.0
0.0
0.40629589557647705
0.0
0.0
0.0
0.0
0.0
0.0
0.0
0.0
0.0
0.23944805562496185
0.0
0.8617868423461914
0.0
0.0
0.740241527557373
0.0
0.0
0.0
0.0
3.6389799788594246e-05
0.7209879755973816
0.0
0.0
0.0
0.0
0.0
0.0
0.08795793354511261
0.0882873460650444
0.0
0.0
0.0
0.0
0.0
0.8943716883659363
0.0
0.0
0.0
0.0
0.0
0.0
0.9035465121269226
0.0
0.08794059604406357
0.0
0.0
0.0
0.0
0.0
0.0
0.0
0.04570402950048447
0.0
0.0
0.0
0.6632788181304932
0.0
0.4753424823284149
0.0
0.0
0.0
0.0
0.22760839760303497
0.0
0.0
0.0
0.0
0.0
0.0012540791649371386
0.0
0.0
0.5300573110580444
0.0
0.0
0.0
0.0
0.06563474982976913
0.0
0.0
0.0
0.0
0.0
0.0
0.0
0.0
0.0
0.0
0.0
0.0
0.0
0.0
0.0
0.0
0.0
0.0
0.0
0.0
0.10360442101955414
0.0
0.8750790357589722
0.0
0.12476830184459686
0.0
0.0
0.0
0.0
0.0
0.0
0.0
0.0
0.0
0.0
0.0
0.0
0.0
0.0
0.0
0.0
0.0
0.0
0.0
0.0
0.001455845544114709
0.0
0.0
0.0
0.0
0.0
0.09065177291631699
0.0
0.0
0.0
0.0
0.0
0.0
0.0
0.0
0.012399285100400448
0.0
0.0
0.0
0.0
0.0
0.0
0.0
0.0
0.0
0.0
0.0
0.0
0.0
0.0
0.0
0.0
0.0
0.0
0.0
0.0
0.0
0.0
0.0
0.0
0.0
0.0
0.0
0.0
0.0
0.0
0.0
0.0
0.22818534076213837
0.0
0.0
0.5299228429794312
0.0
0.0
0.0
0.0
0.0
0.38522249460220337
0.0
0.0
0.0
0.0
0.0
0.0
0.0
0.0
0.0
0.11192885041236877
0.0
0.0
0.0
0.0
0.3341984450817108
0.0
0.0
0.0
0.0
0.0
0.0
0.0
0.0
0.0
0.0
0.0
0.0
0.0
0.7285083532333374
0.0
0.22897487878799438
0.0
0.0
0.0
0.0
0.0
0.0038219287525862455
0.0
0.0
0.0
0.0
0.0
0.0
0.0
0.0
0.0
0.1263207495212555
0.0
0.04194667935371399
0.0
0.0
0.0
0.0
0.0
0.0
0.0
0.0
0.0
0.0
0.0
0.0
0.0
0.0
0.0
0.0
0.0
0.0
0.0
0.0
0.0
0.3898289203643799
0.10154955089092255
0.0
0.0
0.0
0.0
0.038422755897045135
0.0
0.0
0.0
0.0
0.0
0.0
0.0
0.0
0.0
0.0
0.0
0.0
0.0
0.0
0.0
0.0
0.0
0.0
0.0
0.0
0.5032633543014526
0.0
0.0
0.7582404017448425
0.0
0.0
0.0
0.0
0.0
0.01360862236469984
0.0
0.0
0.0
0.0
0.0
0.0
0.0
0.0
0.0
0.0
0.2106289565563202
0.0
0.002448451239615679
0.0
0.0
0.0
0.0
0.0
0.0
0.0
0.0
0.3651462495326996
0.0
0.0
0.2403227686882019
0.0
0.0
0.03284965455532074
0.0
0.001651505008339882
0.013963173143565655
0.0
0.0
0.0421074777841568
0.0
0.0
0.0
0.0
0.0
0.0
0.0
0.0
0.6396084427833557
0.0
0.0
0.46288391947746277
0.0
0.0
0.0
0.0
0.0
0.0
0.0
0.0
0.0
0.0
0.0
0.0
0.4595680236816406
0.0
0.0
0.0
0.0
0.0
0.0
0.0
0.011745157651603222
0.0
0.0
0.0
0.0
0.0
0.0
0.0
0.0
0.0
0.0
0.0
0.0
0.0
0.0
0.5689483880996704
0.0
0.0
0.13780170679092407
0.0
0.0
0.0
0.0
0.0
0.0
0.0
0.27096086740493774
0.3498072326183319
0.0
0.0
0.0
0.0
0.0
0.0
0.014934416860342026
0.21029743552207947
0.0
0.0
0.0
0.8830236196517944
0.0
0.0
0.0
0.0
0.0
0.9885949492454529
0.0
0.0
0.0
0.0
0.0
0.050840284675359726
0.0
0.0
0.2613336443901062
0.0
0.0
0.0
0.0
0.0
0.0
0.0
0.0
0.0
0.020140642300248146
0.0
0.0
0.0
0.0
0.0
0.0
0.0
0.0
0.0
0.0
0.0
0.0
0.0
0.0
0.0
0.0
0.0
0.0
0.0
0.0
0.06595414131879807
0.0
0.0
0.0
0.0
0.0
0.0
0.0
0.0
0.0
0.0
0.0
0.0
0.0
0.4974546432495117
0.5245586037635803
0.0
0.0
0.0
0.0
0.0
0.0
0.0
0.0
0.0
0.13742099702358246
0.0
0.4542084336280823
0.0
0.0
0.0
0.0
0.0
0.0
0.0
0.0
0.0
0.0
0.0
0.0
0.0
0.0
0.02029850147664547
0.0
0.0
0.0
0.0
0.0
0.0
0.0
0.0
0.0
0.0
0.0
0.0
0.0
0.0
0.0
0.0
0.0
0.0
0.0
0.0
0.0
0.0
0.0
0.0
0.0
0.0
0.0
0.0
0.0
0.0
0.30934175848960876
0.0
0.0
0.0
0.0
0.0
0.0
0.0
0.0
0.0
0.0
0.0
0.0
0.0
0.0
0.0
0.05234179273247719
0.0
0.0
0.10426032543182373
0.0
0.0
0.30765074491500854
0.0
0.0
0.0
0.0
0.0005782032385468483
0.0
0.0
0.0
0.0
0.0
0.0
0.0
0.0
0.0
0.0
0.4433656930923462
0.0
0.0
0.0
0.0
0.0
0.0
0.0
0.0
0.0
0.0
0.0
0.0
0.0
0.0
0.0
0.0
0.0
0.3727482557296753
0.0
0.0
0.0
0.0
0.0
0.0
0.0
0.0
0.0
0.0
0.0
0.0
0.0
0.0
0.0
0.0
0.0
0.0
0.0
0.0
0.0
0.0
0.0
0.0
0.009325768798589706
0.0
0.0
0.0
0.0
0.0
0.0
0.0
0.0
0.18710538744926453
0.0
0.0
0.0
0.0
0.0
0.0
0.0
0.47904136776924133
0.0
0.0
0.0
0.0
0.0
0.0
0.0
0.0
0.0
0.0
0.35350126028060913
0.0
0.1333828866481781
0.9477825164794922
0.3393673896789551
0.0
0.0
0.0
1.074567198753357
0.05643404647707939
0.0
0.0
0.0
0.0
0.2123268097639084
0.0
0.0
0.0
0.09616905450820923
0.0
0.10057934373617172
0.24213986098766327
0.5194061398506165
0.0
0.36320731043815613
0.0848241075873375
0.0
0.0
0.10167668759822845
0.0
0.0
0.0
0.0
0.0
0.0
0.0
0.0
0.0
0.0
0.0
0.0
0.0
0.0
0.0
0.0
0.0
0.0
0.0
0.0
0.0
0.0
0.0
0.0
0.0
0.0
0.0
0.40588510036468506
0.048439543694257736
0.0
0.0
0.40319061279296875
0.011973056942224503
0.0
0.0
0.0
0.0
0.0
0.0
0.0
0.5814683437347412
0.0
0.0
0.0
0.0
0.0
0.0
0.0
0.0
0.0
0.0
0.0
0.0
0.0
0.0
0.019189294427633286
0.0
0.40032538771629333
0.0
0.0
0.0
0.0
0.0
0.0
0.4624226987361908
0.0
0.0
0.11619962751865387
0.0
0.0
0.0
0.0
0.0
0.0
0.07394414395093918
0.0
0.0
0.0
0.0
0.0
0.0
0.0
0.0
0.0
0.0
0.0
0.0
0.0
0.0
0.0
0.0
0.0
0.3194164037704468
0.0
0.0
0.0
0.0
0.0
0.0
0.0
0.0
0.053832635283470154
0.0
0.0
0.024995334446430206
0.0
0.0
0.0
0.0
0.0
0.0
0.0
0.0
0.0
0.0
0.0
0.173127219080925
0.0
0.0
0.0
0.0
0.0
0.0
0.0
0.0
0.0
0.0
0.0
0.0
1.010819673538208
0.0
0.0
0.0
0.0
0.0
0.0
0.0
0.0
0.0
0.0
0.0
0.0
0.0
0.0
0.0
0.03257576748728752
0.0
0.0
0.0
0.0
0.0
0.0
0.0
0.0
0.0
0.0
0.008785486221313477
0.0
0.3054935932159424
0.0
0.0
0.0
0.3017553985118866
0.0
0.0
0.0
0.06366829574108124
0.0
0.0
0.0
0.0
0.0
0.0
0.0
0.0
0.0
0.0
0.0
0.0
0.0
0.0
0.0
0.0
0.0
0.2596328854560852
0.0
0.0
0.0
0.9919661283493042
0.9759714007377625
0.0
0.0
0.0
0.0
0.0
0.0
0.0
0.0
0.008763428777456284
0.0
0.0
0.0
0.7243615388870239
0.0
0.0
0.0
0.0
0.0
0.0
0.0
0.0
0.0
0.0
0.0
0.0
0.0
0.0
0.0
0.0
0.0
0.0
0.0
0.0
0.0
0.0
0.0
0.0
0.0
0.0
0.3028458058834076
0.0
0.1430368721485138
0.17260202765464783
0.0
0.0
0.0
0.0
0.0
0.009690133854746819
0.22778794169425964
0.0
0.0
0.0
0.0
0.0
0.0
0.42874717712402344
0.0
0.2813429832458496
0.0
0.0
0.0
0.4127357006072998
0.0
0.0
0.0
0.0
0.0
0.0
0.0
0.0
0.0
0.0
0.0
0.0
0.0
0.0
0.0
0.0
0.0
0.5278023481369019
0.0
0.07704188674688339
0.0
0.0
0.0
0.013048378750681877
0.0
0.0
0.0
0.20144157111644745
0.0
0.0
0.0
0.0
0.0
0.0
0.5237258672714233
0.0
0.0
0.531639575958252
0.0
0.0
0.10143464803695679
0.0
0.8209719061851501
0.0
0.0
0.0
0.0
0.0
0.0
0.0
1.1687660217285156
0.7938728332519531
0.0
0.0
0.0
0.0
0.4376692771911621
0.0
0.0
0.45316529273986816
0.0
0.15325802564620972
0.0
0.0
0.0
0.0
0.0
0.0
0.0
0.0
0.0
0.0
0.0
0.0
0.0
0.0
0.0
0.0
0.0
0.0
0.0
0.0
0.0
0.0
0.0
0.0
0.0
0.0
0.0
0.0
0.0
0.41373318433761597
0.0
0.0
0.0
0.0
0.0
0.0
0.0
0.0
0.0
0.0
0.07605458796024323
0.0
0.0
0.10094787925481796
6.88146519678412e-06
0.0
0.0
0.14612963795661926
0.0
0.0
0.0
0.0
0.0
0.46658334136009216
0.0
0.0
0.0
0.0
0.45345836877822876
0.0
0.0
0.0
0.1325797289609909
0.0
0.6270475387573242
0.0
0.0
0.21985970437526703
0.0
0.0
0.0
0.0
0.052377745509147644
0.0
0.0
0.0
0.0
0.0
0.0
0.0
0.0
0.0
0.0
0.0
0.0
0.0
0.0
0.0
0.07639424502849579
0.0
0.0
0.0
0.0
0.0
0.0
0.0
0.0
0.0
0.0
0.0
0.0
0.0
0.0
0.13485382497310638
0.0
0.0
0.22211317718029022
0.5607079863548279
0.4764940142631531
0.0
0.0
0.0
0.0
0.0
0.0
0.0
0.0
0.0
0.0
0.08636729419231415
0.0
0.0
0.0
0.0
0.0
0.0
0.0
0.0
0.0
0.0
0.0
0.10483823716640472
0.0
0.0
0.0
0.0
0.0
0.0
0.0
0.0
0.0
0.0
0.0
0.0
0.0
0.0
0.0
0.0
0.0
0.0
0.0
0.0
0.0
0.0
0.0
0.0
0.0
0.0
0.026545509696006775
0.0
0.10702209174633026
0.0
0.0
0.0
0.0
0.2502100169658661
0.0
0.0
0.0
0.0
0.016407735645771027
0.44088470935821533
0.15270265936851501
0.0
0.0
0.0
0.0
0.0
0.0
0.09556024521589279
0.0
0.0
0.0
0.0
0.0
0.0
0.0
0.0
0.0
0.0
0.0
0.0
0.0
0.641448438167572
0.0
0.0
0.0
0.09438692033290863
0.0
0.0
0.0
0.0
0.011314058676362038
0.3589232861995697
0.0
0.0
0.4196131229400635
0.0
0.025849811732769012
0.0
0.0
0.0
0.0
0.0
0.0
0.01584148220717907
0.0
0.0
0.0
0.21474124491214752
0.0
0.0
0.0
1.6414706707000732
0.0
0.0
0.0
0.0
0.0
0.08698511123657227
0.0
0.0
0.2522163391113281
0.0
0.0
1.0794758796691895
0.28994131088256836
0.0
0.0
0.0
0.8521146178245544
0.0
0.0
0.0
0.0
1.2067267894744873
0.0
0.0
0.31123360991477966
0.0
0.0
0.0
0.0011171367950737476
0.0
0.0
0.0
0.0
0.0
0.0
0.0
0.7610606551170349
0.0
0.0
0.0
0.0
0.16807794570922852
0.0
0.08916081488132477
0.0
0.0
0.0
0.0
0.0
0.0
0.0
1.478145956993103
1.50998055934906
0.0
0.0
0.008786488324403763
0.0
0.0
0.0
0.0
0.0
0.0
0.0
0.0
0.0
0.0
0.0
0.0
0.0
0.0
0.0
0.0
0.0
0.0
0.0
0.0
0.0
0.0
0.0
0.0
0.0
0.0
0.0
0.0
0.0
0.4743572175502777
0.0
0.0
0.0
0.0
0.11124441027641296
0.0
0.0
0.0
0.0
0.0
0.18401023745536804
0.0
0.0
0.0
0.5092341303825378
0.6831173300743103
0.0
0.0
0.0
0.0
0.0
0.29619818925857544
0.0
0.11064871400594711
0.0
0.0
0.0
0.0
0.0
0.04441111907362938
0.3429523706436157
0.3707723617553711
0.0
0.020343640819191933
0.0
0.0
0.0
0.0
0.0
0.739781379699707
0.0
0.0
0.0
0.0
0.0
0.0
0.9116007685661316
0.0
0.0
0.0
0.0
0.0
0.0
0.0
0.0
0.0
0.040809497237205505
0.0
0.0
0.0
0.0
0.0
0.0
0.0
0.0
0.0
0.0
0.0
0.0
0.0
0.0
0.0
0.0
0.0
0.0
0.0
0.0
0.0
0.0
0.0
0.7678365111351013
0.0
0.0
0.0
0.11281269788742065
0.0
0.0
0.0
0.0
0.0
0.0
0.0
0.0
0.08213439583778381
0.0
0.0
0.0
0.0
0.0
0.003886612132191658
0.0
0.0
0.0
0.0
0.0
0.0
0.0
0.0
0.0
0.0
0.0
0.0
0.0
0.0
0.0
0.0
0.03344288095831871
0.0
0.0
0.0
0.0
0.0
0.11046911776065826
0.0
0.0
0.0
0.0
0.5642723441123962
0.0
0.0
0.14082878828048706
0.0
0.0
0.245479553937912
0.503678023815155
0.6933481097221375
0.0
0.0
0.0
0.0
0.0
0.0
0.0
0.7767378091812134
0.0
0.7956118583679199
0.0
0.0
0.0
0.0
0.0
0.0
0.0
0.0
1.6066176891326904
0.07441435009241104
0.0
0.0
0.8205336332321167
0.0
0.0
0.0
0.0
0.0
0.0
0.0
0.0
0.0
0.0
0.0
0.0
0.0
0.0
0.0
0.0
0.0
0.0
0.08275194466114044
0.0
0.0
0.0
0.0
0.21070143580436707
0.0
0.0
0.930553138256073
0.0
0.19176751375198364
0.0
0.0
0.0
0.39347773790359497
0.0
0.0
0.0
0.0
0.0
0.0
0.0
0.0
0.0
0.0
0.0
0.0
0.0
0.6816133260726929
0.0
0.0
0.0
0.0
0.0
0.0
0.11675894260406494
0.0
0.0
0.0
0.0
0.0
0.0
0.0
0.0
0.0
0.0
0.0
0.0
0.0
0.0
0.0
0.0
0.0
0.0
0.0
0.0
0.0
0.0
0.07135553658008575
0.0
0.0
0.0
0.0
0.0
0.0
0.0
0.0
0.0
0.0
0.0
0.0
0.05105920135974884
0.0
0.0
0.0
0.0
0.8415803909301758
0.10457571595907211
0.0
0.0
0.0
0.0
0.0
0.6259819865226746
0.0
0.0
0.0
0.12431564182043076
0.0
0.0
0.15739816427230835
0.0
0.0
0.017086293548345566
0.0
0.0
0.0
0.0
0.0
0.0
0.0
0.0
0.0
0.0
0.0
0.0
0.0
0.0
0.38058027625083923
0.0
0.0
0.2660677433013916
0.0
0.25452491641044617
0.0
0.0
0.3809821307659149
0.0
0.0
0.4600629210472107
0.0
0.0
0.0
0.0
0.2207363247871399
0.0
0.0
0.0
0.0
0.0
0.0
0.0
0.0
0.0
0.0
0.0
0.0
0.0
0.0
0.0
0.0
0.0
0.002747132210060954
0.0
0.31448841094970703
0.0
0.0
0.12557196617126465
0.0
0.4506467580795288
0.0
0.0
0.0
0.0
0.0
0.0
0.0
0.0
0.0
0.0
0.0
0.0
0.0
0.0
0.7404788732528687
0.0553065650165081
0.0
0.0
0.0
0.0
0.0
0.0
0.0
0.0
0.0
0.0
0.0
0.0
0.0
0.0
0.3291281461715698
0.0
0.0
0.0
0.0
0.2998596131801605
0.0
0.0
0.5997951030731201
0.0
0.0
0.0
0.0
0.0
0.0
0.0
0.0
0.0
0.0
0.0
0.0
0.0
0.0
0.0
0.0
0.0
0.0
0.0
0.0
0.0
0.0
0.0
0.0
0.0
0.0
0.0
0.21868304908275604
0.0
0.0
0.0
0.0
0.0
0.08988961577415466
0.0
0.0
0.5345363020896912
0.0
0.9413154125213623
0.0
0.0
0.0
0.0
0.0
0.0
0.0
0.0
0.13990649580955505
0.15192018449306488
0.0
0.0
0.0
0.0
0.0
0.0
0.0
0.0
0.0
0.06217574700713158
0.0
0.0
0.0
0.0
0.0
0.1975563019514084
0.0
0.0
0.0
0.0
0.0
0.0
0.0
0.0
0.0
0.45756614208221436
0.0
0.5098278522491455
0.0
0.0
0.0
0.14552952349185944
0.0
0.0
0.0
0.0
0.0
0.0
0.0
0.0
0.0
0.9160677790641785
0.0
0.0
0.0
0.0
0.19401483237743378
0.0
0.0
0.0
0.3583887815475464
0.06826123595237732
0.0
0.0
0.0
0.0
0.0
0.0
0.0
0.0
0.08820876479148865
0.0
0.0
0.0
0.10385467112064362
0.0
0.0
0.0
0.0
0.0
0.0
0.0
0.0
0.0
0.0
0.0
0.016060002148151398
0.0
0.0
0.0
0.0
0.0
0.0
0.0
0.9477987289428711
0.0
0.0
0.0
0.0
0.0
0.4422045648097992
0.0
0.0
0.0
0.0
0.08926381170749664
0.0
0.0
0.44047117233276367
0.13253441452980042
0.0
0.0
0.0
0.0
0.0
0.0
0.0
0.0
0.0
0.0
0.0
0.17723175883293152
0.0
0.0
0.0
0.0
0.0
0.0
0.0
0.0
0.015141261741518974
0.0
0.0
0.0
0.0
0.0
0.0
0.0
0.0
0.0
0.0
0.0
0.0
0.0
0.0
0.0
0.0
0.0
0.0
0.0
0.00029144121799618006
0.0
0.034038469195365906
0.0
0.0
0.6420782208442688
0.0
0.0
0.0
0.0
0.6070367693901062
0.0
0.0
0.0
0.19460982084274292
0.0
0.0
0.0
0.0
0.0
0.0
0.0
0.0
0.0
0.0
0.0
0.0
0.20460674166679382
0.9526048898696899
0.0
0.0
0.0
0.0
0.23720940947532654
0.0
0.0
0.0
0.7163135409355164
0.0
0.0
0.0
0.0
0.0
0.0
9.358912939205766e-05
0.0
0.0
0.0
0.0
0.0427875742316246
0.0
0.0
0.0
0.0
0.0
0.0
0.0
0.6652157306671143
0.0
0.15584217011928558
0.0
0.0
0.0
0.0
0.0
0.0
0.6356210708618164
0.0
0.0
0.034314416348934174
0.0
0.0
0.0
0.0
0.0
0.0
0.0
0.0
0.0
0.0
0.0
0.0
0.8921922445297241
0.0
0.0
0.0
0.0
0.0
0.0
0.0
0.0
0.0
0.0
0.6723553538322449
0.3191770613193512
0.0
0.0
0.0
0.0
0.0
0.0
0.0
0.0
0.11256611347198486
0.0
0.796369194984436
0.0
0.0
0.0
0.0
0.09159936755895615
0.1623608022928238
0.0
0.0
0.0
0.0
0.0
0.17265121638774872
0.0
0.02068055048584938
0.0
0.0
0.453955739736557
0.0
0.0
0.6595963835716248
0.0
0.0045569841749966145
0.0
0.0
0.0
0.617496907711029
0.0
0.0
0.0
0.0
0.5402235388755798
0.0
0.0
0.0
0.0
0.0
0.0
0.0
0.0
0.0
0.0
0.0
0.0
0.0
0.0
0.0
0.0
0.0
0.0
0.0
0.0
0.0
0.020266393199563026
0.0
0.0
0.3182469606399536
0.36116307973861694
0.0
0.0
0.0
0.09997519105672836
0.0
0.0
0.0
0.0
0.0
0.0
0.0
0.0
0.0
0.0
0.0
0.0
0.0
0.0
0.0
0.0
0.0
0.0
0.46461424231529236
0.0
0.0
0.0
0.0
0.6012935638427734
0.0
0.0
0.0
0.0
0.44020673632621765
0.0
0.1379164159297943
0.0
0.2735137641429901
0.041580524295568466
0.0
0.0
0.0
0.0
0.0
0.0
0.0
0.0
0.0
0.0
0.0
0.0
0.0
0.0
0.0
0.0
0.0
0.0
0.0
0.2099059522151947
0.0
0.0
0.0
0.0
0.1867971420288086
0.0
0.0
0.0
0.0
0.0
0.0
0.0
0.0
0.0
0.0
0.0
0.0
0.5575659871101379
0.0
0.0
0.0
0.0
0.0
0.0
0.0
0.0
0.0
0.0
0.0
0.0
0.0
0.0
0.0
0.2096363753080368
0.0
0.0
0.0
0.0
0.0
0.0
0.0
0.0
0.0
0.0
0.0
0.0
0.7289391756057739
0.0
0.0
0.0
0.0
0.0
0.0
0.0
0.0
0.0
0.0
0.0
0.09969582408666611
0.0
0.0
0.0
0.0
0.0
0.0
0.0
0.0
0.0
0.0
0.0
0.0
0.0
0.0
0.3527209758758545
0.3039012551307678
0.0
0.0
0.0
0.11620145291090012
0.0
0.0
0.0
0.0
0.0
0.0
0.0
0.0
0.0
0.0
0.0
0.0
0.0
2.0581276416778564
0.06576456874608994
0.0
0.14341625571250916
0.0
0.0
0.0
0.0
0.0
0.0
0.0
0.0
0.0
0.0
0.0
0.0
0.11646388471126556
0.0
0.0
0.0
0.0
0.0
0.0
0.0
0.0
0.0
0.0
0.0
0.0
0.0
0.0
0.0
0.0
0.0
0.0
0.0
0.0
0.0
0.0
1.250174880027771
0.0
0.0
0.0
0.0
0.0
0.0
0.0
0.0797000303864479
0.0
0.0
0.0
0.0
0.6799108982086182
0.0
0.0
0.0
0.0
0.0
0.0
0.0
0.0
0.0
0.0
0.0
0.0
0.0
0.5358003973960876
0.0
0.0
0.0
0.0
0.0
0.0
0.5087182521820068
0.0
0.0
0.0
0.0
0.0
0.11871123313903809
0.0
0.0
0.0
0.0
0.0
0.0
0.0
0.10785433650016785
0.0
0.0
0.0
0.0
0.0
0.0
0.0
0.0
0.0
0.0
0.2486151158809662
0.0
0.0
0.0
0.0
0.0
0.0
0.0
0.0
0.0
0.0
0.03438650071620941
0.0
0.0
0.0
0.0
0.0
0.0
0.0
0.0
0.0
0.0
0.0
0.0
0.32250604033470154
0.0
0.0
0.0
0.0
0.0
0.0
0.0
0.0
0.0
0.0
0.0
0.0
0.0
0.0
0.0
0.0
0.0
0.0
0.0
0.0
0.0
0.0
0.0
1.1034538745880127
0.0
0.0
0.0
0.11208143085241318
0.0
0.0
0.0
0.0
0.0
1.1209728717803955
0.0
0.0
0.0
0.0
0.0
0.10124486684799194
0.0
0.0
0.0
0.0
0.0
0.0
0.0
0.0
0.0
0.0
0.0
0.1946927011013031
0.0
0.6401658058166504
0.32677245140075684
0.0
1.0160143375396729
0.0
0.0
0.4598134160041809
0.0
0.0
0.17503301799297333
0.0
0.0
0.0
0.37960800528526306
0.0
0.0
0.10542049258947372
0.19834089279174805
0.0
0.0
0.0
1.0094131231307983
0.0
0.0
0.0
0.0
0.0
0.0
0.0
0.0
0.0
0.0
0.0
0.0
0.3443421721458435
0.0
0.0
0.0
0.0
0.0
0.0
0.0
0.0
0.0
0.0
0.0
0.0
0.34476423263549805
0.0
0.0
0.0
0.0
0.0
0.0
0.0
0.0
0.0
0.0
0.0
0.0
0.0
0.0
0.0
0.0
0.0
0.09346786141395569
0.0
0.0
0.0
0.0
0.0
0.0
0.0
0.0
0.0
0.0
0.0
0.0
0.0
0.0
0.0
0.8109711408615112
0.0
0.0
0.0
0.0
0.0
0.0
0.0
0.2756078243255615
0.0
0.0
0.014795595780014992
0.0
0.0
0.47813865542411804
0.0
0.01079430989921093
0.0
0.0
0.005794500466436148
0.0
0.0
0.0
0.0
0.0
0.0
0.7402304410934448
0.0
0.36268529295921326
0.0
0.15682004392147064
0.0
0.0
0.019523879513144493
0.0
0.0
0.0
0.0
0.0
0.10652223229408264
0.0
0.0
0.0
0.0
1.0076555013656616
0.0
0.0
0.12739484012126923
0.0
0.0
0.0
0.07655911892652512
0.0
0.0
0.0
0.0
0.0
0.03278998285531998
0.0
0.0
0.0
0.0
0.0
0.0
0.0
0.012442126870155334
1.1559823751449585
0.2729000747203827
0.0
0.0
0.7524473071098328
0.0
0.04254147410392761
0.0
0.0
0.0
0.0
0.0
0.0
0.0
0.0
0.0
0.0
0.0
0.0
0.0
0.0
0.0
0.0
0.0
0.0
0.0
0.0
0.0
0.0
0.0
0.0
0.0
0.0
0.0
0.0
0.0
0.0
0.0
0.0
0.0
0.008051604963839054
0.0
0.0
0.7244822382926941
0.4907163083553314
0.0
0.0
0.20876865088939667
0.0
0.0
0.0
0.0
0.0
0.0
0.0
0.0
0.0
0.0
1.952933430671692
0.0
0.0
0.0
0.0
0.13138161599636078
0.0
0.0
0.0
0.0
0.0
0.0
0.0
0.2337648868560791
0.0
0.0
0.0
0.0
0.0
0.08311496675014496
0.0
0.220502108335495
0.027746647596359253
0.0
0.0
0.0
0.0
0.0
0.0
0.0
0.8360461592674255
0.0
0.0
0.0
0.0
0.0
0.0
0.0
0.0
0.0
0.0
0.0
0.9182261228561401
0.6004348993301392
0.0
0.0
0.6552008986473083
9.650308493291959e-05
0.0
0.0
0.19385206699371338
0.0
0.5143011212348938
0.0
0.0
0.0
0.0
0.0
0.5361031889915466
0.0
0.0
1.1862645149230957
0.0
0.0
0.0
0.0
0.0
0.0
0.0
0.0
0.12122300267219543
0.0
0.0
0.00047603738494217396
0.16933314502239227
0.0
0.13297812640666962
0.0
1.5140600204467773
0.0
0.0
0.0
0.0
0.04830729216337204
0.0
0.0
0.8561385869979858
0.0
0.0
0.0
0.310147225856781
0.0
0.9348339438438416
0.8814029097557068
0.0
0.5379345417022705
0.0
0.0
0.10759767889976501
0.032470256090164185
0.0
0.1521085947751999
0.0
0.5347027778625488
0.00857640616595745
0.0
0.6412931680679321
0.28906071186065674
0.339500367641449
0.0
0.0
0.0
0.0
0.0
0.10767790675163269
0.7200294733047485
0.0
0.0
0.0
0.0
0.0
0.42410731315612793
0.32585641741752625
0.11624321341514587
0.8570073843002319
1.1480298042297363
0.46569201350212097
0.0
0.0
0.0
0.61471027135849
0.0
0.0
0.8161824941635132
0.0
0.0
0.0
0.0
0.0
0.0
0.561975359916687
6.449234206229448e-06
0.5285906791687012
0.0
0.0
0.0371883288025856
0.0
1.0535392761230469
0.04393743723630905
0.0
0.0
0.0
0.37773191928863525
0.6554404497146606
0.39812174439430237
0.020188108086586
0.0
0.0
0.0
0.0
0.0
0.0
0.029135851189494133
0.0
0.0
1.0717586278915405
0.0
0.07707779854536057
1.0741583108901978
0.0
0.0
0.0
0.0
0.4998009204864502
0.0
0.0
0.0
0.030804041773080826
0.0
0.0
0.0
0.0
0.0
0.0
2.1674563884735107
1.2656207084655762
0.590369462966919
0.4393622577190399
0.050840914249420166
0.36516064405441284
0.0
0.0
1.7687480449676514
0.5708630681037903
0.35437145829200745
0.0005102600553072989
0.0
0.0
0.0
0.0
0.0
1.0213135480880737
0.0
0.851805567741394
0.0
0.20080363750457764
0.0
0.0
0.0
1.0969650745391846
0.5051149725914001
0.8606386184692383
0.016018547117710114
0.0
0.0
0.0
0.0
0.0
0.066568523645401
0.0
0.0
0.0
0.0
0.0
1.0978449583053589
0.8523590564727783
0.0
0.0
0.029667112976312637
0.0005646449280902743
0.16469940543174744
0.0
0.34698420763015747
0.0
0.6864935755729675
0.11573874950408936
0.061226215213537216
0.0
0.0
0.009804477915167809
0.0
0.006379253230988979
0.0
0.0
0.9644263982772827
0.0
0.0
0.0
0.0
0.3480531573295593
1.3837552070617676
0.18161354959011078
0.1396082043647766
0.6662507653236389
0.0
0.0
0.0
0.11424460262060165
0.0
0.0
0.6567684412002563
0.0
0.0
0.5700820684432983
0.0
0.8155190348625183
0.0
0.537886917591095
0.38354048132896423
0.0
0.0
0.0
0.0
0.35594019293785095
0.0
0.0
0.2863100469112396
0.0
0.14106222987174988
0.0
0.0
0.0
0.23044416308403015
0.0
0.0
1.3659056425094604
0.0
0.0
0.0
0.0
0.0
0.0
1.0485224723815918
0.0
0.0
0.0
0.0
0.0
0.0
0.0
0.0
0.0
0.0
0.0
0.0
0.028869032859802246
0.37343138456344604
0.013542650267481804
0.553183913230896
0.0
0.0
0.0
0.0
0.0
0.0
0.0
0.0
0.0
0.0
0.0
0.0
0.0
0.0
0.0
0.0
0.0
0.0
0.0
0.0
0.0
0.0
0.0
0.0
0.0
0.0
0.0
0.22617849707603455
0.0
0.0
0.0
0.0
0.0
0.0
0.0
0.0
0.0
0.0
0.0
0.00020547234453260899
0.0
0.0
0.0
0.0
0.0
0.0
0.0
0.0
0.0
0.0
0.0
0.0
0.0
0.20533916354179382
0.06454691290855408
0.0
0.0
0.0
0.0
0.0
0.0
0.0
0.0
0.0
0.0
0.0
0.0
0.0
0.0
0.0
0.0
0.0
0.0
0.0
0.0
0.0
0.0
0.0
0.0
0.0
0.0
0.0
0.0
0.0
0.0
0.0
0.0
0.0
0.0
0.0
0.0
0.0
0.0
0.0012475051917135715
0.0
0.0
0.0
0.0
0.0
0.09560665488243103
0.9661878347396851
0.2503536641597748
0.0
0.0
0.0
0.0
0.0
0.14726153016090393
0.0
0.0
0.0
0.0
0.0
0.0
0.0
0.0
0.0
0.0
0.0
0.0
0.0
0.0
0.17269258201122284
0.0
0.0
0.0
0.0
0.0
0.0
0.0
0.009876045398414135
0.0
0.0
0.0
0.0
0.0
0.0
0.0
0.5765063166618347
0.0
0.0
0.0
0.0
0.0
0.0
0.0
0.0
0.0
0.0
0.0
0.0
0.0
0.0
0.0
0.0
0.0
0.04992835968732834
0.0
0.0
0.0
0.08398865163326263
0.0
0.0
0.0
0.0
0.0
0.0
0.0
0.0
0.0
0.0
0.0
0.0
0.0
0.0
0.0
0.0
0.0
0.0
0.06923289597034454
0.0
0.0
0.8075705766677856
0.0
0.0
0.0
0.7813664674758911
0.0
0.0
0.5413124561309814
0.0
0.0
0.0
0.0
0.0
0.0
0.0
0.0
0.0
0.0
0.0481400303542614
0.0
0.0
0.0
0.0
0.0
0.0
0.0
0.0
0.0
0.0
0.0
2.859128952026367
0.0
0.0
0.0
0.034292709082365036
0.0
0.323289155960083
0.0
0.0
0.0
0.0
0.0
0.0
0.0
0.0
0.0
0.0
0.0
0.0
0.0
0.0
0.0
0.0
0.0
0.0
0.0
0.0
0.0
0.0
0.0
0.0
0.0
0.0
0.0
0.0
0.0
0.0
0.0
0.0
0.0
0.0
0.0
0.46370643377304077
0.034711405634880066
0.0
0.0
0.0
0.0
0.0
0.0
0.0
0.0
0.0
0.0
0.0
0.0
0.07340671867132187
0.0
0.4342782497406006
0.0
0.0
0.0
0.0
0.1981566846370697
0.0
0.0
0.0
0.0
0.0
0.0
0.0
0.0
0.0
0.0
0.0
0.0
0.0
0.0
0.0
0.20432376861572266
0.0
0.0
0.0
0.0
0.13975057005882263
0.0
0.0
0.05559942126274109
0.0
0.0
0.0
0.0
0.0
0.0
0.0
0.0
0.0
0.0
0.0
0.0
0.0
0.0
0.0
0.0
0.8833763003349304
0.0
0.0
0.0
0.0
0.0
0.0
0.0
0.0
0.0
0.14497870206832886
0.0
0.0
0.002729780040681362
0.0
0.0
0.0
0.0
0.011652497574687004
0.0
0.0
0.13831767439842224
0.0
0.0
0.5197246074676514
0.0
0.0
0.0
0.0
0.0
0.0
0.0
0.0
0.0
0.0
0.0
0.0
0.0
0.0
0.0
0.0
0.0
0.0
0.0
0.17064553499221802
0.0
0.0
0.0
0.0
0.0
0.0
0.0023960531689226627
0.0
0.0
0.0
0.0
0.0
0.0
0.0
0.0
0.12919026613235474
1.6719574928283691
0.0
0.0
0.0
0.0
0.0
0.0
0.0
0.0
0.6240450739860535
0.0
0.0
0.1043018102645874
0.0
0.0
0.0
0.0
0.6961220502853394
0.10345855355262756
0.0
0.0
0.0
0.0
0.0
0.07282313704490662
0.0
0.0
0.0
0.0
0.0
0.014480936340987682
0.0
0.0
0.0
0.0
0.0
0.0
1.269200325012207
0.0013297467958182096
0.0
0.0
0.0
1.212218999862671
0.2490929812192917
0.0
0.0
0.17651782929897308
0.4611590802669525
0.0
0.0
0.2498832494020462
0.0
0.0
0.0
0.0
0.0
0.0
0.0
0.0
0.0
0.0
0.0
0.0
0.0
0.0
0.0
0.0
0.0
0.0
0.0
0.0
0.0
0.0
0.0
0.0
0.0
0.0
0.0
0.0
0.0
0.0
0.7854828834533691
0.0
0.0
0.0
0.0
0.5245715975761414
0.0
0.0
0.0
0.0
0.0
0.15264831483364105
0.0
0.0
0.0
0.44538554549217224
0.0
0.0
0.0
0.0
0.0
0.0
0.0
0.0
0.0
0.0
0.0
0.0
0.0
0.0
0.0
0.0
0.0
0.0
0.0
0.0
0.0
0.0
0.0
0.0
0.0
0.028671517968177795
0.0
0.0
0.0
0.3256436586380005
0.0
0.0
0.10735851526260376
0.0
0.0
0.0
0.0
0.0
0.0
0.05560387298464775
0.0
0.0
0.0
0.0
0.0
0.0
0.0
0.0
0.0
0.0
0.0
0.0
0.0
0.0
0.0
0.0
0.0
0.0
0.0
0.0
0.0
0.0
0.0
0.0
0.0
0.0
0.0
0.0
0.0
0.0
0.0
0.0
0.0
0.0
0.0
0.0
0.0
0.0
0.0
0.0
0.0
0.0
0.0
0.0
0.0
0.0
0.0
0.0
0.0
0.0
0.0
0.3556203842163086
0.0
0.009196021594107151
0.0
0.0
0.0
0.0
0.0
0.0
0.0
0.0
0.0
0.0
0.0
0.0
0.015961848199367523
0.0
0.09718965739011765
0.0
0.0
0.0
0.0
0.0
0.0
0.0
0.0
0.5151454210281372
0.0
0.0
0.0
0.0
0.0
0.0
0.0
0.0
0.0
0.0
0.0
0.0
0.0
0.0
0.0
0.0
0.0
0.0
0.0
0.0
0.0
0.0
0.0
0.0
0.0
0.0
0.0
0.0
0.4334959387779236
0.0
0.0
0.0
0.0
0.0
0.0
0.0
0.0
0.0
0.0
0.0
0.0
0.0
0.0
0.19094602763652802
0.0
0.0
0.0
0.0
0.0
0.0
0.0
0.0
0.0
0.0
0.0
0.0
0.0
0.0
0.0
0.0
0.0
0.002890051109716296
0.0
0.0742376446723938
0.01835537515580654
0.0
0.015328792855143547
0.0
0.0
0.0
0.0
0.202753946185112
0.0
0.0
0.00593512412160635
0.0
0.0
0.0
0.07953068614006042
0.0
0.0
0.0
0.0
0.0
0.0
0.0
0.0
0.0
0.12064331769943237
0.0
0.0
0.0
0.0
0.0
0.0
0.10221460461616516
0.0
0.0
0.0
0.0
0.0
0.0021834815852344036
0.011290053837001324
0.0
0.0
0.0
0.0
0.30358970165252686
0.0
0.0
0.0
0.0
0.0
0.0
0.0
0.0
0.0
0.0
0.0
0.2185371369123459
0.0
0.0
0.0
0.0
0.0
0.0
0.072955422103405
1.2593708038330078
0.0
0.0
0.0
0.0
0.0
0.0
0.0
0.0
0.0
0.0
0.0
0.0
0.0
0.0
0.0
0.0
0.0
0.0
0.0
0.0
0.0
0.008110892958939075
0.0
0.29711949825286865
0.0
1.0746240615844727
0.0
0.0
0.0
0.0
0.0
0.0
0.42835670709609985
0.0
0.0
0.0
0.0
0.0
0.0
0.0
0.0
0.0
0.0
0.0
0.0
0.0
0.0
0.20958828926086426
0.0
0.0
0.0
0.0
0.0
0.0
0.5915299654006958
0.0
0.0
0.027518009766936302
1.4758552312850952
0.0
0.6975519061088562
0.0
0.0
0.0
0.0
0.0
0.0
0.0
0.0
0.0
0.0
0.0
0.0
0.0
0.0
0.060260169208049774
0.05332731455564499
0.0
0.0
0.0
0.0
0.0
0.0
0.0
0.0
0.0
0.004022897221148014
0.0
0.0
0.0
0.0
0.0
0.0
0.0
0.0
0.0
0.0
0.0
0.0
0.0
0.0
0.0
0.0
0.0
0.0
0.0
0.0
0.0
1.1058415174484253
0.7335349917411804
0.0
0.0
0.0
0.0
0.0
0.0
0.0
0.0
0.0
0.0
0.0
0.0
0.0
0.0
0.0
0.0
0.0
0.0
0.051922332495450974
0.0
0.0
0.0
0.0
0.0
0.0
0.0
0.0
0.0
0.0
0.0
0.0
0.0
0.0
0.0
0.11892668902873993
0.0
0.0
0.0
0.0
0.0
0.7738198041915894
0.0
0.12237807363271713
0.0
0.0
0.0
0.0
0.0
0.0
0.0
0.0
0.0
0.0
0.0
0.0
0.0
0.0
0.0
0.0
0.0
0.5775594711303711
1.3012852668762207
0.0
1.0790083408355713
0.0
0.0
0.0
0.0
0.0
0.0
0.0
0.2054738700389862
0.0
0.0
0.0
0.0
0.0
0.0
0.0
0.0
0.0
0.0
0.0
0.0
0.0
0.0
0.0
0.0
0.0
0.0
0.0777599960565567
0.0
0.0
0.0
0.0
0.0
0.0
0.0
0.0
0.0
0.0
0.0
0.0
0.0
0.0
0.0
0.0
0.0
0.0
0.0
0.0
0.0
0.0
0.0
0.04803473502397537
0.0
0.0
0.0
0.0
0.0
0.0
0.0
0.0
0.0
0.0
0.42066583037376404
0.06594731658697128
0.7257296442985535
0.0
0.0
0.0
0.0
0.0
0.0
0.11406376212835312
0.0
0.0
0.0
0.0
0.0
0.0
0.0
0.0
0.0
0.0
0.0
0.0
0.0
0.0
0.0
0.0
0.0
0.0
0.0
0.0
0.0
0.0
0.0
0.0
0.0
0.0
0.0
0.0
0.0
0.0
0.0
0.0
0.0
0.7640870809555054
0.0
0.0
0.0
0.0
0.0
0.0
0.0
0.1013377457857132
0.0
0.0
0.0038783277850598097
0.0
0.0
0.05971072241663933
0.19327972829341888
0.0
0.00039183965418487787
0.0
0.0
0.0
0.0
0.0
0.0
0.49213528633117676
0.0
0.0
0.0
0.0
0.0
0.0
0.0
0.0
0.0
0.0
0.0
0.0
0.0
0.0
0.0
0.0
0.0
0.0
0.0
0.0
0.0
0.0
0.0
0.0
0.0
0.0
0.0
0.0
0.0
0.0
0.0
0.0
0.0
0.0
0.0
0.0
0.0
0.0
0.0
0.025926223024725914
0.0
0.0
0.0
0.0
0.0
0.0
5.679088644683361e-06
0.0
0.0
0.0
0.0
0.0
0.0
0.0
0.0
0.7641947269439697
0.0
0.0
0.0
0.0
0.0
0.0
0.0
0.0
0.0
0.0
0.0
0.0
0.0
0.0
0.0
0.0
0.0
0.0
0.0
0.0
0.0
0.0
0.0
0.0
0.0
0.0
0.0
0.0
0.0
0.0
0.0
0.0
0.0
0.0
0.0
0.0
0.0
0.0
0.0
0.0
0.0
0.0
0.3486593961715698
0.0
0.0
0.0
0.0
0.0
0.0
0.0
0.0
0.029602183029055595
0.0
0.0
0.0
0.0
0.0
0.0
0.0
0.0
0.0
0.0
1.0008388757705688
0.0
0.0
0.0
0.0
0.0
0.0
0.0
0.0
0.0
0.0
0.0
0.0
0.0
0.0
0.0
0.0
0.0
0.0
0.0
0.0
0.0
0.0
0.0
0.0
0.0
0.0
0.0
0.0
0.0
0.0
0.0
0.0
0.0
0.0
0.0
0.0
0.0
0.0
0.059342868626117706
0.0
0.0
0.0
0.0
0.0
0.10329443216323853
0.0
0.0
0.0
0.11818503588438034
0.0
0.0
0.0
0.0
0.0
0.0
0.0
0.0
0.0
0.0
0.0
0.0
0.0
0.0
0.0
0.0
0.0
0.0
0.0
0.0
0.0
0.0
0.0
0.0
0.0
0.0
0.0
0.0
0.0
0.0
0.0
0.0
0.0
0.0
0.0
0.0
0.0
0.0
0.0
0.0
0.0
0.12116754055023193
0.0
0.0
0.0
0.0
0.0
0.0
0.0
0.0
0.0
0.0
0.0
0.0
0.0
0.0
0.0
0.0
0.0
0.0
0.0
0.0
0.0
0.0
0.0
0.0
0.0
0.0
0.0
0.0
0.0
0.0
0.0
0.0
0.0
0.0
0.0
0.0
0.0
0.0
0.0
0.0
0.0
0.0
0.0
0.0
0.0947892963886261
0.0
0.0
0.0
0.0
0.0
0.0
0.0
0.0
0.0
0.0
0.0
0.0
0.0
0.0
0.0
0.0
0.0
0.01864292472600937
0.0
0.0
0.0
0.0
0.0
0.0
1.0038046836853027
0.0
0.0
0.0
0.0
0.0
0.0
0.0
0.0
0.14376738667488098
0.049659378826618195
0.0
0.0
0.0
0.0
0.0
0.0
0.5758043527603149
0.0
0.0
0.0
0.0
0.0
0.0
0.0
0.0
0.0
0.0
0.0
0.0
0.0
0.0
0.0
0.0
0.0
0.0
0.0
0.0
0.001054598717018962
0.0
0.0
0.0
0.0
0.0
0.0
0.0
0.0
0.0
0.0
0.0
0.0
0.0
0.0
0.0
0.0
0.0
0.0
0.0
0.0
0.0
0.0
0.0
0.0
0.0
0.0
0.0
0.0
0.0
0.0
0.0
0.0
0.0
0.7510864734649658
0.0
0.0
0.0
0.004223467782139778
0.0
0.0
0.0
0.0
0.0
0.0
0.0
0.0
0.0
0.0
0.0
0.0
0.0
0.0
0.0
0.18432089686393738
0.0
0.0005101566202938557
0.0
0.0
0.013461766764521599
0.0
0.0
0.9526264071464539
0.05159831792116165
0.0
0.0
0.0
0.0
0.0
0.0
0.0
0.0
0.0
0.0
0.0
0.0
0.0
0.0
0.0
0.0
0.004637664183974266
0.0
0.0
0.0
0.0
0.0
0.41385334730148315
0.0
0.0
0.0
0.47148650884628296
0.0
0.0
0.0
0.0
0.0
0.0
0.0
0.0
0.0
0.0
0.0
0.0
0.0
0.0
0.0
0.0
0.0
0.0
0.5107948184013367
0.0
0.0
0.6026349663734436
0.0
0.0
0.0
0.0
0.0
0.0
0.0
0.0
0.0
0.0
0.0
0.0
0.0
0.0
0.0
0.0
0.0
0.0
0.0
0.0
0.0
0.0
0.0
0.0
0.0
0.0
0.693252444267273
0.0
0.0
0.0
0.0
0.0
0.0
0.0
0.0
0.0
0.0
3.3484695450169966e-05
0.0
0.0
0.0
0.0
0.0
0.0
4.848201569984667e-05
0.0
0.0
0.0
0.0
0.0
0.0
0.0
0.0
0.0
0.0
0.0
0.0
0.0
0.0
0.6030623912811279
0.0
0.0
0.0
1.493534803390503
0.0
0.0
0.0
0.0
0.0
0.0
0.0
0.0
0.0
0.0
0.0
0.0
0.0
0.0
0.0
0.0
0.0
0.0
0.0
0.0
0.0
0.32070598006248474
0.0
0.0
0.10798116773366928
0.0
0.0
0.0
0.0
0.0
0.0
0.0
0.00036756761255674064
0.0015216892352327704
0.0
0.0
0.011496739462018013
0.0
0.0
0.0
0.0
0.0
0.0
0.0
0.0
0.140805184841156
0.0
0.0
0.0
0.0
0.0
0.0
0.0
0.0
0.0
0.0
0.0
0.0
0.0
0.0
0.8288313746452332
0.0
0.0
0.0
0.0
0.0
0.0
0.0
0.0
0.0
0.018323158845305443
0.0
0.0
0.6409095525741577
0.0
0.02129838429391384
0.0
0.0
0.0
0.0
0.0
0.0
0.0
0.0
0.0
0.0
0.0
0.006790622137486935
5.18773085786961e-05
0.0
0.0
0.0
0.0
0.0
0.0
0.0
0.0
0.0
0.0
0.0
0.0
0.49672016501426697
0.6004871726036072
0.0
0.0
0.0
0.0
0.0
0.0
0.0
0.0
0.0
0.0
0.0
0.0
0.0
0.0
0.0
0.0
0.0
0.0
0.0
0.0
0.3196038007736206
0.0
0.0
0.2615089416503906
0.0
0.0
0.0
0.0
0.0
0.0
0.0
0.0
0.0
0.0
0.0
0.4790416955947876
0.0
0.0
0.0
0.002380771329626441
0.0
0.0
0.0
0.0
0.0
0.0
0.0
0.0
0.0
0.0
0.0
0.0
0.0
0.0
0.0
0.0
0.0
0.0
0.4722904562950134
0.0
0.0
0.0
0.0
0.0
0.0
0.0
0.0
0.0
0.0
0.0
0.0
0.0
0.0
0.0
0.0
0.00010249431943520904
0.0
0.0
0.26805317401885986
0.0
0.0
0.0
0.0
0.0
0.0
0.0
0.0
0.0
0.0
0.0
0.0
0.0
0.0
0.0
0.0
0.0
0.0
0.0
0.0
0.0
0.0
0.0
0.0
0.0
0.0
0.0
0.0
0.039173439145088196
0.0
0.0
0.0
0.019451206550002098
0.0
0.0
0.0
0.0
0.0
0.0
0.0
0.0
0.0
0.0
0.0
4.79456502944231e-07
0.2054784893989563
0.0
0.007704857271164656
0.0
0.0
0.0
0.0
0.0
0.0
0.0
0.0
0.0
0.0
0.0
0.0
1.1229932308197021
0.0
0.22634266316890717
0.0
0.0
0.3952069878578186
0.0
0.0
0.0
0.0
0.0
0.0
0.0
0.0
0.0
0.0
0.0
0.0
0.0
0.0
1.8386930227279663
0.0
0.1053374707698822
0.0
0.0
0.0
0.0
0.0
0.0
0.0
0.0
0.0
0.0
0.30306559801101685
0.0
0.0
0.0
0.0
0.0
0.0
0.0
0.0
0.0
0.0
0.0
0.0
0.0
0.0
0.0
0.0
0.0
0.0
0.0
0.0
0.0
0.0
0.0
0.0
0.0
0.0
0.0
0.0
0.0
0.0
0.0
0.0
0.0
0.0
0.0
0.0
0.0
0.0
0.0
0.0
0.0
0.0
0.0
0.0
0.0
0.0
0.0
0.0
0.0
0.0
0.0
0.0
0.0
0.0
0.0
0.7266659140586853
0.0
0.0
0.0
0.0
0.0
0.0
0.0
0.0
0.0
0.0
0.0
0.0
0.4534558951854706
0.0
0.0018998695304617286
0.0
0.0
0.0
0.05871773883700371
8.354305464308709e-05
0.0
0.0
0.0
0.0
0.0
0.0
0.0
0.08298633247613907
0.06542453169822693
0.0
0.0
0.0
0.0
0.0
0.0
0.0
0.0
0.0
0.0
0.0
0.0
0.0
0.01426592469215393
0.0
0.0
0.0
0.0
0.0
0.0
0.0
0.0
0.0
0.11840423196554184
0.0
0.6127490401268005
0.0
0.0
1.0780630111694336
0.0
0.0
0.0
0.0
0.0
0.0
0.0
0.0
0.0
0.0
0.0
0.0
0.0
0.0
0.0
0.0
0.0
0.0
0.0
0.0
0.0
0.0
0.0
0.0
0.0
0.0
0.0
0.0
0.0
0.0
0.0
0.0
0.0
0.1604870706796646
0.0
0.0
0.0
0.0
0.0
0.0
0.0
0.0
0.0
0.0
0.0
0.0
0.0
0.0
0.0
0.0
0.0
0.0
0.0
0.0
0.0
0.0
0.0
0.0
0.0
0.0
0.0
0.0
0.0
0.0
0.0
0.0
0.0
0.0
0.0
0.0
0.0
0.0
0.0
0.0
0.0
0.0
0.0
0.0
0.0
0.0
0.0
0.0
0.0
0.0
0.0
0.0
0.0
0.0
0.0
0.0
0.0
0.0
0.0
0.0
0.0
0.0
0.0
0.31220555305480957
0.0
0.0
0.0
0.0
0.0
0.0
0.0
0.0
0.0
0.0
0.0
0.0
0.0
0.0
0.0
0.0
0.0
0.0
0.0
0.0
0.0
0.0
0.0
0.0
0.0
0.0
0.0
0.0
0.0
0.0
0.0
0.0
0.0
0.0
0.0
0.0
0.0
0.0
0.0
0.0
0.0
0.0
0.0
0.0
0.0
0.0
0.0
0.0
0.0
0.0
0.0
0.03460169956088066
0.0
0.14234790205955505
0.0
0.0
0.0
0.0
0.0
0.0
0.0
0.0
0.0
0.0
0.0
0.0
0.0
0.0
0.0
0.0
0.0
0.0
0.0
0.0
0.4388960301876068
0.0
0.0
0.0
0.0
0.0
0.0
0.05323527380824089
0.0
0.0
0.012019073590636253
0.11640158295631409
0.0
0.0
0.0
0.0
0.0
0.674480140209198
0.0
0.0
0.08288578689098358
0.0
0.4884745478630066
0.0
0.0
0.0
0.0
0.000698376796208322
0.0
0.0
0.0
0.0
0.0
0.0
0.0
0.055073969066143036
0.0
0.0
0.0
0.0
0.0
0.0
0.0
0.0
0.0
0.0
0.0
0.0
0.4322058856487274
0.0
0.0
0.0
0.0
0.0
0.0
0.0
0.0
0.0
0.0
0.0
0.0
0.0
0.0
0.0
0.0
0.0
0.0
0.0
0.0
0.0
0.0
0.0
0.0
0.0
0.0
0.49169573187828064
0.0
0.0
0.0
0.0
0.82182776927948
0.0
0.17432551085948944
0.0
0.0
0.0
0.0
0.0
0.0
0.0
0.0
0.0
0.0
0.0
0.0
0.0
0.0
0.0
0.0
0.09249693155288696
0.003832466434687376
0.0
0.0
0.0
0.5566272735595703
0.0
0.0
0.0
0.0
0.0
0.0
0.0
0.0
0.0
0.0
0.0
0.0
0.0
0.0
0.0
0.0
0.0
0.0
0.0
0.0
0.0
0.0
0.0
0.0
0.0
0.0
0.0
0.0
0.0
0.0
0.0
0.0
0.059758372604846954
0.0
0.0
0.0
0.0
0.0
0.306817889213562
0.0
0.0
0.0
0.0
0.0
0.0
0.0
0.0
0.002615708392113447
0.0
0.0
0.0
0.0
0.0
0.0
0.0
0.0
0.0
0.0
0.0
0.0
0.0
0.0
0.0
0.29568323493003845
0.0
0.0
0.0
0.0
0.0
0.0
0.0
0.0
0.0
0.12572215497493744
0.0
0.0
0.0
0.0
0.0
0.0
0.5389447212219238
0.0
0.0
0.0
0.0
0.0
0.666217565536499
0.0
0.0
0.0
0.0
0.0
0.0
0.0
0.0
0.0
0.0
0.039300233125686646
0.0
0.0
0.0
0.0
0.0
0.0
0.0
0.0
0.0
0.0
0.0
0.5640875101089478
0.0
0.0
0.0
0.0
0.0
0.0
0.0
0.0
0.0
0.0
0.0
0.0
0.033718790858983994
0.8219051361083984
0.0
0.0
0.0
0.0
0.0
0.0
0.0
0.0
0.7381078600883484
0.0
0.05117250978946686
0.0
0.0
0.0
0.0
0.0
0.0
0.0
0.0
0.0
0.07342284917831421
0.0
0.0
0.0
0.0
0.0
0.0
0.0
0.0
0.0
0.0
0.0
0.0
0.0
0.1347624659538269
0.0
0.0
0.0
0.0
0.0
0.0
0.0
0.0
0.0
0.26688528060913086
0.0
0.0
0.1771669089794159
0.0
0.0
0.0
0.0
0.0
0.05318763107061386
0.0
0.0
0.0
0.0935983881354332
0.0
0.0
0.0
0.0
0.0
0.01674889400601387
0.0
0.0
0.0
0.0
0.0
0.0
0.0
0.0
0.0
0.0
0.0
0.0
0.0
0.0
0.0
0.0
0.0
0.6710906028747559
0.0
0.0
0.0
0.0
0.0
0.0
0.0
0.0
0.3536653220653534
0.0
0.0
0.07308049499988556
0.017075831070542336
0.0
0.0
0.0
0.0
0.0
0.0
0.0
0.0
0.0
0.0
0.0
0.0
0.0
0.0
0.0
0.0
0.0
0.0
0.0
0.0
0.0
0.0
0.0
0.0
0.0
0.0
0.0
0.0
0.0
0.0
0.0
0.0
0.0
0.6312119364738464
0.0
0.0
0.0
0.0
0.0
0.0
0.04180201515555382
0.0
0.0
0.0
0.0
0.0
0.0
0.0
0.0
0.0
0.0
0.0
0.0
0.04273279756307602
0.0
0.0
0.0
0.0
0.0
0.0
0.0
0.0
0.0
0.0
0.0
0.0
0.0
0.0
0.0
0.0
0.0
0.0
0.0
0.0
0.19612328708171844
0.0
0.0
0.0
0.0
0.0
0.0
0.0
0.0
0.0
0.0
0.0
0.0
0.0
0.0
0.0
0.0
0.0
0.0
0.0
0.0
0.0
0.0
0.0
0.0
0.0
0.0
0.0
0.0
0.0
0.0
0.0
0.0
0.0
0.0
0.0
0.0
0.0
0.0
0.0
0.0
0.0
0.0
0.0
0.0
0.0
0.0
0.0
0.0
0.0
0.0
0.0
0.0
0.0
0.0
0.0
0.0
0.0
0.0
0.0
0.0
0.0
0.0
0.0
0.0
0.0
0.0
0.0
0.0
0.0
0.0
0.0
0.0
0.0008127195760607719
0.41013047099113464
0.0
0.0
0.0
0.0
0.0
0.0
0.0
0.0
0.0
0.013599805533885956
0.0
0.0
0.0
0.0
0.0
0.0
0.0
0.0
0.0
0.0
0.0
0.008433112874627113
0.0
0.0
0.0
0.0
0.030966809019446373
0.0
0.0
0.0
0.0
0.0
0.0
0.0
0.0
0.0
0.0
0.2613842487335205
0.0
0.0
0.014499183744192123
0.0
0.0
0.0
0.0
0.0
0.0
0.0
0.0
0.0
0.0
0.0
0.0
0.0
0.0
0.0
0.0
0.0
0.0
0.0
0.0
0.0
0.0
0.0
0.0
0.0
0.0
0.0
0.0
0.0
0.0
0.0
0.0
0.0
0.0
0.0
0.0
0.0
0.0
0.0
0.0
0.0
0.0
0.0
0.9892250895500183
0.2804022431373596
0.0
0.0
0.0
0.0
0.047011807560920715
0.0
0.0
0.0
0.0
0.0
0.0
0.0
0.020486492663621902
0.0
0.0
0.013396089896559715
0.0
0.0
0.0
0.0
0.0
0.0
0.0
0.06996171921491623
0.0
0.0
0.0
0.0
0.029948770999908447
0.0
0.0
0.0
0.0
0.0
0.0
0.0
0.0
0.0
0.0
0.0
0.0
0.0
0.0
0.0
0.0
0.0
0.0
0.0
0.0
0.0
0.0
0.0
0.0
0.8984946012496948
0.7296295166015625
0.0
0.006522397976368666
0.5507092475891113
0.0
0.0
0.0
0.0
0.0
0.0
0.0
0.0
0.0
0.0
0.0
0.03798360005021095
0.0
0.0
0.0
0.0
0.0
0.0
0.0
0.0
0.0
0.0
0.0
0.0
0.0
0.0
0.0
0.0
0.087411068379879
0.0
0.0
0.10121267288923264
0.0
0.0
0.0
0.0
0.0
0.0
0.6516857147216797
0.0
0.0
0.0
0.0
0.0
0.0
0.0
0.0
0.0
0.0
0.0
0.0
0.0
0.0
0.0
0.0
0.0
0.0
0.0
5.510635673999786e-06
0.0
0.0
0.0
0.0
0.0
0.0
0.0
0.0
0.0
0.10100867599248886
0.0
0.0
0.0
0.0
0.0
0.0
0.0
0.0
0.0
0.0
0.0
0.0
0.0
0.0
0.0
0.0
0.0
0.0
0.07868712395429611
0.0
0.0
0.0
0.0
0.0
0.0
0.0
0.0
0.0
0.0
0.0
0.0
0.0
0.0
0.0
0.0
0.16352751851081848
0.0
0.0
0.0
0.0
0.0
0.0
0.0
0.0
0.0
0.0
0.0
0.0
0.0
0.0
0.0
0.0
0.0
0.7378973960876465
0.0
0.0
0.0
0.0
0.0
0.0
0.0
0.0
0.0
0.0
0.0
0.0
0.0
0.0
0.0
0.0
0.0
0.04083831235766411
0.0
0.0
0.0
0.0
0.0
0.0
0.0
0.0
0.0
0.0
0.0
0.0
0.0
0.0
0.0
0.0
0.0
0.0
0.0
0.0
0.0
0.0
0.0
0.0
1.2505089044570923
0.0
0.0
0.0
0.0
0.0
0.0
0.0
0.0
0.0010869664838537574
0.0
0.0
0.0
0.0
0.0
0.0
0.0
0.0
0.0
0.0
0.0
0.0
0.0
0.0
0.0
0.0
0.0
0.0
0.0
0.0
0.0
0.0
0.0
0.0
1.0278297662734985
0.0
0.0
0.0
0.0
0.01079376321285963
0.0
0.0
0.0
0.41163766384124756
0.0
0.8474537134170532
0.0
0.0
0.0
0.0
0.0
0.0
0.0
0.0
0.0
0.0
0.0021248720586299896
0.0
0.0
0.0
0.0
0.6115539073944092
0.21083438396453857
0.0
0.0
0.0
0.0
0.0
0.0
0.0
0.0
0.0
0.0
0.0
0.5468167662620544
0.0
0.0
0.0
0.0
0.0
0.0
0.0
0.0
0.0
0.0
0.0
0.0
0.0
0.0
0.0
0.0
0.0
0.0
0.0
0.0
0.0
0.0
0.0
0.0
0.0
0.0
1.7462823390960693
0.0
0.0
0.0
0.0
0.0
0.0
0.0
0.0
0.0
0.0
0.4571739435195923
0.0
0.0
0.0
0.0
0.0
0.0
0.0
0.0
0.0
0.0
0.0
0.0
0.0
0.0
0.0
0.0
0.023013001307845116
0.0
0.0
0.5754151344299316
0.0
0.0
0.0
0.0
0.0
0.0
0.0
0.0
0.0
0.0
0.0
0.0
0.0
0.05590207502245903
0.0
0.018409818410873413
0.0
0.0
0.0
0.0
0.0
0.0
0.4845995604991913
0.0
0.0
0.0
0.0
0.0
0.0
0.0
0.0
0.0
0.0
0.0
0.0
0.0
0.0
0.0
0.0
0.0
0.0
0.0
0.0
0.4700719714164734
0.0
0.0
0.5462391376495361
0.0
0.0
0.0
0.11752188205718994
0.0
0.0
0.0
0.0
0.0
0.0
0.0
0.0
0.0
0.0
0.0
0.0
0.0
0.0
0.0
0.0
0.0
0.0
0.0
0.0
0.0
0.0
0.0
0.0
0.0
0.0
0.0
0.0
0.0
0.0
0.0
0.0618780180811882
0.0
0.0
0.0
0.0
0.045031748712062836
0.0
0.0
0.0
0.0
0.0
0.0
0.0
0.0
0.0
0.0
0.0
0.0
0.0
0.0
0.009845580905675888
0.0
0.0
0.0
0.0
0.0
0.0
0.0
0.0
0.0
0.0
0.0
0.0
0.2115483283996582
0.0
0.0
0.0
0.0
0.0
0.0
0.0
0.0
0.0
0.0
0.0
0.0
0.0
0.0
0.0
0.0
0.0
0.0
0.0
0.0
0.062130242586135864
0.0
0.0
0.0
0.0
0.0
0.0
0.0
0.0
0.0
0.0
0.045159853994846344
0.0
0.0
0.0
0.0
0.0
0.0
0.0
0.0
0.0
0.0
0.0
0.0
0.0
0.0
0.0
0.0
0.0
0.0
0.0
0.0
0.0
0.0
0.0
0.0
0.48668545484542847
0.0
0.0
0.0
0.0
0.0
0.0
0.0
0.0
0.026423385366797447
0.0
0.0
0.0
0.0
0.0
0.0
0.0
0.0
0.0
0.0
0.0
0.0
0.0
0.0
0.0
0.0
0.0
0.0
0.0
0.0
0.0
0.0
0.0
0.0
0.0
0.0
0.0
0.0
0.0
0.0
0.32152077555656433
0.0
0.0
0.0
0.0
0.0
0.0
0.0
0.0
0.0
0.7382227778434753
0.0
0.0
0.0
0.0
0.4771856665611267
0.06044923514127731
0.0
0.0
0.0
0.0
0.0
0.0
0.045013971626758575
0.0
0.0
0.0
0.0
0.0
0.0
0.0
0.0
0.0
0.0
0.0
0.0
0.0
0.0
0.6804515719413757
0.0
0.0
0.07938510924577713
0.0
0.0
0.0
0.0
0.0
0.0
0.0
0.0
0.1566513329744339
0.0
0.0
0.0
0.0
0.0
0.0
0.0
0.0
0.0
0.0
0.0
0.07961104810237885
1.501112937927246
0.0
0.6462934017181396
0.0
0.0
0.0
0.0
0.0
0.0
0.12339824438095093
0.0
0.0
0.0
0.0
0.0
0.0
0.0
0.0
0.0
0.0
0.0
0.0
0.0
0.0
0.0
0.0
0.0
0.0
0.0
0.0
0.0
0.0
0.0
0.0
0.28374189138412476
0.0
0.0
0.0
0.0
0.0
0.0
0.0
0.0
0.0
0.0
0.0
0.0
0.0
0.0
0.0
0.0
0.0
0.0
0.0
0.839000940322876
0.0
0.0
0.0
0.0
0.0
0.0
0.0
0.0
0.0
0.0
0.19573545455932617
0.0
0.0
0.0
0.0
0.0
0.0
0.0
0.0
0.0
0.0
0.0
0.0
0.0
0.0
0.0
0.0
0.0
0.0
0.0
0.0
0.0
0.0
0.0
0.0
0.0
0.0
0.0
0.29399609565734863
0.0
0.0
0.0
0.0
0.0
0.0
0.0
0.0
0.0
0.0
0.0
0.0
0.0
0.0
0.0
0.0
0.0
0.0
0.0
0.1369677037000656
0.0
0.0
0.0
0.30876392126083374
0.0
0.0
0.0
0.0
0.0
0.0
0.0
0.0
0.000286146707367152
0.0
0.0
0.0
0.0
0.0
0.0
0.0
0.0
0.0
0.00011674396228045225
0.0
0.0
0.0
0.0
0.0
0.0
0.0
0.0
0.0
0.0
0.0
0.0
0.0
0.0
0.0
0.0
0.0
0.0
0.0
0.0
0.0
0.4183746576309204
0.25367188453674316
0.0
0.0
0.0
0.0
0.0
0.01888888329267502
0.0
0.0
0.0
0.0
0.0
0.0
0.0
0.0
0.0
0.0
0.0
0.0
0.0
0.0
0.0
0.0
0.0
0.0
0.0
0.0
0.0
0.0
0.0
0.0
0.0
0.0
0.0
0.0
0.0
0.0
0.0
0.0
0.0
0.0
0.0
0.46571800112724304
0.0
0.0
0.0
0.0
0.0
0.0
0.0
0.0
0.0
0.0
0.0
0.0
0.0
0.0
0.0
0.0
0.0
0.0
0.0
0.0
0.0
0.0
0.0
0.0
0.0
0.0
0.0
0.018088258802890778
0.0
0.0
0.0
0.0
0.0
0.0
0.0
0.0
0.0
0.0
0.0
0.0
0.0
0.0
0.0
0.0
0.0
0.0
0.0
0.0
0.0
0.0
0.0
0.0
0.0
0.0
0.0
0.0
0.0
0.0
1.8240573406219482
0.0
0.0557280108332634
0.0
0.0
0.0
0.0
0.0
0.0
0.0
0.0
0.0
0.0
0.0
0.0
0.0
0.0
0.6202894449234009
0.0
0.0
0.007896360009908676
0.0
0.0
0.0
0.0
0.0
0.0
0.11171747744083405
0.0
0.0
0.0
0.0
0.0
0.0
0.0
0.0
0.0
0.0
0.0
0.0
0.0
0.0
0.0
0.0
0.07900270819664001
0.0
0.0
0.0
0.0
0.0
0.0
0.0
0.0
0.0
0.0
0.0
0.0
0.0
0.0
0.0
0.0
0.0
0.0
0.0
0.0
0.0
0.7271747589111328
0.0
0.007070442195981741
0.0
0.0
0.009923418052494526
0.0
0.0
0.0
0.0
0.0
0.0
0.0
0.0
0.0
0.0
0.0
0.0
0.0
0.0
0.0
0.0
0.0
0.025010744109749794
0.0
0.0
0.0
0.0
0.0
0.0
0.0
0.0
0.0
0.0
0.173256516456604
0.0
0.0
